tax_id	CRR125950_0.5	CRR125950_0.90	CRR125950_0.95	CRR125950_0.99	CRR125950_0	CRR125950_1
1349819	5	3	4	6	4	7
492670	67	0	0	0	13	0
1308	43	5	3	2	4	2
40559	5	0	0	0	19	0
2704463	4	0	0	0	4	0
2099	2	1	2	2	4	3
27289	5	22	30	50	3	63
244734	89	19	9	9	18	9
2049935	4978	13354	10634	5841	406	4647
76775	412	80	60	48	452	45
2133944	1	1	1	1	156	1
43768	55	0	0	0	66	0
588726	4	0	0	0	2	0
549	34	18	0	0	8	0
817	4	6	5	3	1	3
1314	37	12	10	8	42	8
227086	1	2	3	5	2	6
317577	1	0	0	0	1	0
2702	3	0	0	0	2	0
1491	1	7	9	13	9	16
1755811	3	0	0	0	2	0
1496	4	10	8	5	5	4
116090	2	0	0	0	2	0
109266	3	1	1	1	1	1
2057741	11	0	0	0	203	0
180282	108	0	0	0	10	0
29459	1595	0	0	0	3958	0
641107	1	2	2	2	1	2
147802	94	0	0	0	14	0
2652177	9	5	4	2	2	2
28132	124	0	0	0	174	0
28131	2	0	0	0	71	0
91844	2	0	0	0	1	0
5850	1	2	3	5	5	6
28135	3	0	0	0	43	0
1914525	773	0	0	0	41	0
1660	145	28	11	0	100	0
712710	19	0	0	0	41	0
1921565	4	0	0	0	1	0
2033032	2	0	0	0	1	0
1126	1	0	0	0	55	0
94132	2	3	3	2	1	2
148305	1	0	0	0	2	0
1686310	2	2	1	1	1	1
652716	6	4	4	4	44	4
5855	1	0	0	0	149	0
117157	1	0	0	0	11	0
2169539	2	3	2	2	1	1
149715	2	6	6	7	1	8
1005962	3	0	0	0	2	0
709797	6	0	0	0	1	0
1019	103	0	0	0	243	0
663364	2	3	3	1	1	1
1017	13	0	0	0	58	0
529	18517	3141	1702	1338	12378	1406
2184519	62	32	24	25	251	29
55211	16	0	0	0	1	0
511435	1	0	0	0	3	0
76123	16	6	5	4	57	4
43675	173	15	10	6	228	7
11216	3	0	0	0	16	0
748247	6	4	4	2	1	2
5811	54	226	314	512	84	648
2100	5	0	0	0	1	0
2069255	4	9	7	4	1	3
1778540	15	0	0	0	1	0
1758194	157	0	0	0	3	0
29382	14	38	37	37	1	42
40324	144	66	53	0	110	0
83559	13	0	0	0	1	0
129338	4	9	7	4	1	3
223967	3	0	0	0	3	0
171695	1	1	1	1	1	1
80866	232	34	23	17	73	17
47671	345	0	0	0	517	0
482564	8	1	1	1	6	1
29498	9	19	15	9	2	7
1197460	12	0	0	0	192	0
5665	2	0	0	0	3	0
5664	1	1	1	1	2	1
253	51	19	9	7	11	7
174	2	0	0	0	1	0
856	16	8	1	1	3	1
484	103	0	0	0	116	0
178339	376	0	0	0	195	0
1428	210	373	356	347	49	384
2493639	1	1	1	1	3	1
61624	2	0	0	0	1	0
114186	2	0	0	0	30	0
739	19	0	0	0	13	0
562	885	1430	1509	1931	2413	2302
463040	46	0	0	0	1	0
2653200	3	2	2	1	1	1
11665	8	2	1	1	8	1
726	9	0	0	0	29	0
85698	32	0	0	0	8	0
1492737	32	2	2	1	1	1
5518	20	0	0	0	14	0
96344	12	0	0	0	1	0
1047171	25	0	0	0	127	0
1747	1982	727	533	338	1709	318
729	199	0	0	0	84	0
59748	4	5	6	7	5	7
34062	353	50	19	14	101	13
545619	12	3	2	2	1	2
1173027	3	0	0	0	1	0
1969841	227	207	205	204	243	204
2545799	16	0	0	0	29	0
288000	6	3	2	2	8	2
39777	160	96	0	0	59	0
1402861	3	0	0	0	3	0
172042	5	0	0	0	5	0
1528099	25	1	1	1	306	1
9	22	17	18	20	70	22
445710	1	2	1	1	2	1
837	125	96	69	58	207	56
930166	3	2	1	1	3	1
44689	1	0	0	0	11	0
262209	9	3	3	1	1	2
1274	18	0	0	0	1	0
366522	2	0	0	0	1	0
488	859	0	0	0	271	0
673	2	0	0	0	1	0
480	2	0	0	0	6	0
2120	1	0	0	0	5	0
1280	30	0	0	0	162	0
1282	23	51	0	0	16	0
1648923	5	12	10	5	1	4
1286180	3	0	0	0	1	0
85471	1	0	0	0	3	0
470	2181	5161	4079	2997	29	2921
1977865	1	1	1	1	1	1
54571	11	7	5	4	5	5
28200	4	5	2	1	5	1
2661922	0	0	0	0	3	0
65093	0	0	0	0	2	0
2697019	0	0	0	0	1	0
477976	0	0	0	0	1	0
291112	0	0	0	0	1	0
2004644	0	0	0	0	1	0
1813019	0	0	0	0	1	0
411153	0	0	0	0	1	0
131568	0	0	0	0	1	0
2170745	0	0	0	0	1	0
1792307	0	0	0	0	1	0
120	0	0	0	0	27	0
216778	0	0	0	0	1	0
48296	0	0	0	0	1	0
1922247	0	0	0	0	2	0
52227	0	0	0	0	32	0
5821	0	0	0	0	1	0
1615674	0	0	0	0	1	0
354356	0	0	0	0	1	0
5827	0	0	0	0	3	0
164516	0	0	0	0	1	0
2557994	0	0	0	0	1	0
432096	0	0	0	0	1	0
248315	0	0	0	0	8	0
332163	0	0	0	0	1	0
2591633	0	0	0	0	1	0
1716143	0	0	0	0	1	0
347	0	0	0	0	1	0
2296	0	0	0	0	2	0
2711156	0	0	0	0	1	0
33035	0	0	0	0	1	0
2067960	0	0	0	0	1	0
28108	0	0	0	0	3	0
279826	0	0	0	0	1	0
1327635	0	0	0	0	2	0
393921	0	0	0	0	1	0
2850	0	0	0	0	1	0
1190415	0	0	0	0	1	0
2184575	0	0	0	0	7	0
1148157	0	0	0	0	1	0
2545455	0	0	0	0	1	0
1490	0	0	0	0	3	0
1397	0	0	0	0	1	0
1492	0	0	0	0	4	0
2069432	0	0	0	0	1	0
1536769	0	0	0	0	2	0
188932	0	0	0	0	1	0
1497	0	0	0	0	2	0
1498	0	0	0	0	3	0
1264	0	0	0	0	1	0
1812480	0	0	0	0	4	0
2898	0	0	0	0	5	0
2488665	0	0	0	0	1	0
2663022	0	0	0	0	1	0
39485	0	0	0	0	9	0
1063	0	0	0	0	1	0
669041	0	0	0	0	1	0
2081703	0	0	0	0	1	0
1392	0	0	0	0	14	0
1250539	0	0	0	0	152	0
233181	0	0	0	0	1	0
551989	0	0	0	0	1	0
1453352	0	0	0	0	1	0
1390	0	0	0	0	2	0
5858	0	0	0	0	5	0
329854	0	0	0	0	3	0
746691	0	0	0	0	1	0
1085	0	0	0	0	1	0
199	0	0	0	0	12	0
198	0	0	0	0	2	0
2487118	0	0	0	0	2	0
195	0	0	0	0	1	0
1265445	0	0	0	0	14	0
196	0	0	0	0	1	0
2259595	0	0	0	0	1	0
274	0	0	0	0	3	0
43305	0	0	0	0	1	0
33952	0	0	0	0	1	0
376174	0	0	0	0	1	0
2507538	0	0	0	0	1	0
33959	0	0	0	0	5	0
421767	0	0	0	0	2	0
656519	0	0	0	0	1	0
345199	0	0	0	0	3	0
298596	0	0	0	0	1	0
1137095	0	0	0	0	2	0
186490	0	0	0	0	1	0
28038	0	0	0	0	1	0
42422	0	0	0	0	9	0
2614639	0	0	0	0	3	0
1306519	0	0	0	0	1	0
83656	0	0	0	0	1	0
487316	0	0	0	0	1	0
1391654	0	0	0	0	1	0
1670800	0	0	0	0	1	0
1714860	0	0	0	0	1	0
863372	0	0	0	0	1	0
1921510	0	0	0	0	1251	0
1010	0	0	0	0	1	0
1405	0	0	0	0	2	0
640511	0	0	0	0	1	0
52133	0	0	0	0	16	0
796027	0	0	0	0	2	0
2202148	0	0	0	0	2	0
1334	0	0	0	0	136	0
1871034	0	0	0	0	1	0
1238	0	0	0	0	1	0
2249356	0	0	0	0	1	0
1562970	0	0	0	0	44	0
616991	0	0	0	0	1	0
218208	0	0	0	0	1	0
5825	0	0	0	0	3	0
166935	0	0	0	0	1	0
42374	0	0	0	0	16	0
1499686	0	0	0	0	1	0
2045	0	0	0	0	4	0
86665	0	0	0	0	1	0
296591	0	0	0	0	1	0
1511	0	0	0	0	3	0
34020	0	0	0	0	1	0
1510	0	0	0	0	2	0
34021	0	0	0	0	1	0
4959	0	0	0	0	2	0
1245	0	0	0	0	1	0
1244	0	0	0	0	1	0
1827580	0	0	0	0	1	0
2497456	0	0	0	0	1	0
79263	0	0	0	0	1	0
1628392	0	0	0	0	1	0
1080223	0	0	0	0	1	0
1538	0	0	0	0	1	0
1578925	0	0	0	0	1	0
2017483	0	0	0	0	1	0
2058137	0	0	0	0	1	0
285450	0	0	0	0	1	0
2564040	0	0	0	0	2	0
936337	0	0	0	0	2	0
1407071	0	0	0	0	1	0
1513235	0	0	0	0	1	0
1191459	0	0	0	0	2	0
2486578	0	0	0	0	1	0
2594265	0	0	0	0	37	0
45286	0	0	0	0	6	0
46867	0	0	0	0	1	0
1855823	0	0	0	0	2	0
68179	0	0	0	0	2	0
851	0	0	0	0	8	0
33033	0	0	0	0	3	0
2209	0	0	0	0	2	0
1690221	0	0	0	0	1	0
584609	0	0	0	0	1	0
83406	0	0	0	0	1	0
333962	0	0	0	0	1	0
2547394	0	0	0	0	1	0
35755	0	0	0	0	59	0
57372	0	0	0	0	1	0
1850254	0	0	0	0	3	0
167468	0	0	0	0	2	0
45362	0	0	0	0	1	0
2039166	0	0	0	0	35	0
1971485	0	0	0	0	1	0
374106	0	0	0	0	1	0
2048654	0	0	0	0	1	0
5861	0	0	0	0	2	0
2202826	0	0	0	0	4	0
1844999	0	0	0	0	1	0
1117645	0	0	0	0	4	0
29360	0	0	0	0	2	0
1922217	0	0	0	0	1	0
2528020	0	0	0	0	76	0
2651974	0	0	0	0	1	0
2492837	0	0	0	0	2833	0
31958	0	0	0	0	1	0
142650	0	0	0	0	1	0
142651	0	0	0	0	2	0
1625	0	0	0	0	2	0
1624	0	0	0	0	1	0
263819	0	0	0	0	1	0
1629	0	0	0	0	1	0
2382165	0	0	0	0	1	0
444163	0	0	0	0	58	0
206403	0	0	0	0	1	0
443144	0	0	0	0	1	0
2587410	0	0	0	0	1	0
880535	0	0	0	0	4	0
96345	0	0	0	0	5	0
1930275	0	0	0	0	1	0
84378	0	0	0	0	2	0
2145	0	0	0	0	1	0
2027290	0	0	0	0	1	0
401472	0	0	0	0	10	0
747	0	0	0	0	4	0
47466	0	0	0	0	7	0
236753	0	0	0	0	1	0
1173026	0	0	0	0	1	0
550	0	0	0	0	2	0
553	0	0	0	0	1	0
996	0	0	0	0	229	0
1173025	0	0	0	0	3	0
312306	0	0	0	0	1	0
28449	0	0	0	0	97	0
935293	0	0	0	0	2	0
298654	0	0	0	0	2	0
235	0	0	0	0	3805	0
2005703	0	0	0	0	1	0
2651334	0	0	0	0	18	0
167642	0	0	0	0	3	0
1915078	0	0	0	0	1	0
351679	0	0	0	0	1	0
938406	0	0	0	0	5	0
5062	0	0	0	0	4	0
314275	0	0	0	0	1	0
2478552	0	0	0	0	1	0
1694	0	0	0	0	30	0
702967	0	0	0	0	4	0
71433	0	0	0	0	1	0
1791	0	0	0	0	1	0
1750	0	0	0	0	2	0
414771	0	0	0	0	1	0
618	0	0	0	0	1	0
2614693	0	0	0	0	1	0
2559074	0	0	0	0	2	0
140	0	0	0	0	1	0
2698900	0	0	0	0	2	0
1270	0	0	0	0	2	0
273371	0	0	0	0	3	0
2267253	0	0	0	0	1	0
615	0	0	0	0	4	0
261524	0	0	0	0	1	0
1679497	0	0	0	0	1	0
1874317	0	0	0	0	1	0
1888	0	0	0	0	1	0
1936080	0	0	0	0	1	0
656366	0	0	0	0	1	0
13373	0	0	0	0	9	0
2208	0	0	0	0	2	0
519450	0	0	0	0	1	0
307121	0	0	0	0	1	0
1286	0	0	0	0	2	0
1467	0	0	0	0	1	0
1283	0	0	0	0	7	0
66269	0	0	0	0	1	0
2128	0	0	0	0	1	0
1288	0	0	0	0	2	0
4911	0	0	0	0	7	0
1476	0	0	0	0	2	0
1849491	0	0	0	0	1	0
1940610	0	0	0	0	1	0
172045	0	0	0	0	1	0
687	0	0	0	0	1	0
2695266	0	0	0	0	1	0
1749259	0	0	0	0	1	0
2585717	0	0	0	0	2	0
1508420	0	0	0	0	1	0
745310	0	0	0	0	211	0
1305	0	0	0	0	1	0
472834	0	0	0	0	2	0
47735	0	0	0	0	1	0
35128	0	0	0	0	13	0
2708117	0	0	0	0	4	0
1510150	0	0	0	0	1	0
134287	0	0	0	0	1	0
36874	0	0	0	0	1	0
1108595	0	0	0	0	1	0
2681766	0	0	0	0	4	0
1309	0	0	0	0	1	0
2478663	0	0	0	0	1	0
1896175	0	0	0	0	1	0
642780	0	0	0	0	11	0
2185142	0	0	0	0	1	0
1652545	0	0	0	0	1	0
495	0	0	0	0	96	0
1973486	0	0	0	0	2	0
1274631	0	0	0	0	6	0
1814290	0	0	0	0	1	0
493	0	0	0	0	1	0
336261	0	0	0	0	1	0
28188	0	0	0	0	2	0
28189	0	0	0	0	1	0
56956	0	0	0	0	1	0
944547	0	0	0	0	1	0
155863	0	0	0	0	1	0
53953	0	0	0	0	1	0
754397	0	0	0	0	2	0
2341112	0	0	0	0	7	0
1441386	0	0	0	0	1	0
2151	0	0	0	0	2	0
2026190	0	0	0	0	6	0
1379	0	0	0	0	10	0
2109692	0	0	0	0	1	0
45243	0	0	0	0	3	0
1915309	0	0	0	0	1	0
858422	0	0	0	0	1	0
1784713	0	0	0	0	2	0
1069	0	0	0	0	8	0
947515	0	0	0	0	1	0
2319843	0	0	0	0	1	0
2004650	0	0	0	0	1	0
33724	0	0	0	0	1	0
1257021	0	0	0	0	5	0
2584466	0	0	0	0	1	0
61646	0	0	0	0	1	0
28985	0	0	0	0	7	0
1950	0	0	0	0	2	0
1179672	0	0	0	0	1	0
1218801	0	0	0	0	1	0
93220	0	0	0	0	5	0
2319844	0	0	0	0	2	0
1434072	0	0	0	0	1	0
115808	0	0	0	0	1	0
1442032	0	0	0	0	1	0
1763535	0	0	0	0	1	0
1882747	0	0	0	0	7	0
35841	0	0	0	0	1	0
2024580	0	0	0	0	1	0
1547283	0	0	0	0	1	0
827	0	0	0	0	1	0
255045	0	0	0	0	1	0
1042156	0	0	0	0	1	0
820	0	0	0	0	18	0
376	0	0	0	0	17	0
55529	0	0	0	0	10	0
1505596	0	0	0	0	2	0
280754	0	0	0	0	2	0
2487344	0	0	0	0	1	0
1390395	0	0	0	0	155	0
881260	0	0	0	0	4	0
1705617	0	0	0	0	1	0
1536771	0	0	0	0	1	0
2592655	0	0	0	0	1	0
431306	0	0	0	0	1	0
1155739	0	0	0	0	1	0
5854	0	0	0	0	5	0
1719	0	0	0	0	1	0
185007	0	0	0	0	17	0
46126	0	0	0	0	1	0
313590	0	0	0	0	2	0
1082851	0	0	0	0	1	0
1871037	0	0	0	0	1	0
2527983	0	0	0	0	1	0
584	0	0	0	0	1	0
585	0	0	0	0	1	0
1032072	0	0	0	0	1	0
40214	0	0	0	0	4	0
1945662	0	0	0	0	3	0
1702170	0	0	0	0	3	0
588	0	0	0	0	1	0
1458461	0	0	0	0	1	0
1514105	0	0	0	0	1	0
1926494	0	0	0	0	8	0
33940	0	0	0	0	1	0
2527996	0	0	0	0	2	0
43990	0	0	0	0	168	0
1071379	0	0	0	0	2	0
497724	0	0	0	0	1	0
2583851	0	0	0	0	1	0
1160721	0	0	0	0	2	0
80884	0	0	0	0	24	0
484770	0	0	0	0	1	0
363835	0	0	0	0	138	0
561879	0	0	0	0	1	0
36745	0	0	0	0	2	0
29385	0	0	0	0	1	0
1639	0	0	0	0	1	0
889453	0	0	0	0	3	0
2371	0	0	0	0	1	0
623	0	0	0	0	20	0
2259620	0	0	0	0	2	0
370764	0	0	0	0	4	0
536441	0	0	0	0	9	0
450	0	0	0	0	2	0
2014534	0	0	0	0	1	0
2072590	0	0	0	0	3	0
47678	0	0	0	0	4	0
2321403	0	0	0	0	3	0
5660	0	0	0	0	10	0
173	0	0	0	0	2	0
1486034	0	0	0	0	2	0
391036	0	0	0	0	2	0
2588449	0	0	0	0	1	0
1502	0	0	0	0	2	0
28251	0	0	0	0	1	0
1911684	0	0	0	0	1	0
1658665	0	0	0	0	2	0
979	0	0	0	0	5	0
2584122	0	0	0	0	4	0
28090	0	0	0	0	2	0
293371	0	0	0	0	1	0
652	0	0	0	0	1	0
1504	0	0	0	0	1	0
1505	0	0	0	0	1	0
2113	0	0	0	0	1	0
336810	0	0	0	0	4	0
197	0	0	0	0	11	0
387343	0	0	0	0	7	0
543913	0	0	0	0	1	0
53344	0	0	0	0	1	0
11978	0	0	0	0	1	0
1109743	0	0	0	0	46	0
1850238	0	0	0	0	10	0
155194	0	0	0	0	1	0
61015	0	0	0	0	1	0
87541	0	0	0	0	1	0
1913578	0	0	0	0	2	0
2590022	0	0	0	0	1	0
4924	0	0	0	0	1	0
39768	0	0	0	0	3	0
216935	0	0	0	0	1	0
1364	0	0	0	0	15	0
84590	0	0	0	0	2	0
216427	0	0	0	0	1	0
1239307	0	0	0	0	1	0
2014742	0	0	0	0	1	0
1177574	0	0	0	0	32	0
33169	0	0	0	0	3	0
1851148	0	0	0	0	1	0
2605945	0	0	0	0	2	0
117207	0	0	0	0	3	0
2054173	0	0	0	0	1	0
1433126	0	0	0	0	2	0
1602	0	0	0	0	1	0
2560053	0	0	0	0	1	0
2565554	0	0	0	0	10	0
53461	0	0	0	0	1	0
182710	0	0	0	0	1	0
1325564	0	0	0	0	1	0
241425	0	0	0	0	4	0
190148	0	0	0	0	2	0
2015076	0	0	0	0	1	0
1295642	0	0	0	0	2	0
1545702	0	0	0	0	1	0
58346	0	0	0	0	1	0
1336804	0	0	0	0	1	0
1714373	0	0	0	0	7	0
1679721	0	0	0	0	1	0
2482728	0	0	0	0	1	0
83816	0	0	0	0	1	0
577489	0	0	0	0	2	0
142649	0	0	0	0	1	0
39778	0	0	0	0	7	0
1528098	0	0	0	0	2	0
2183896	0	0	0	0	1	0
44255	0	0	0	0	1	0
5865	0	0	0	0	2	0
1620392	0	0	0	0	1	0
112234	0	0	0	0	5	0
157691	0	0	0	0	6	0
5807	0	0	0	0	5	0
2487064	0	0	0	0	1	0
1582439	0	0	0	0	1	0
1977864	0	0	0	0	2	0
201	0	0	0	0	1	0
2305987	0	0	0	0	6	0
204	0	0	0	0	10	0
120107	0	0	0	0	153	0
56646	0	0	0	0	10	0
515393	0	0	0	0	4	0
80816	0	0	0	0	2	0
28450	0	0	0	0	2	0
1501	0	0	0	0	2	0
41673	0	0	0	0	1	0
2005458	0	0	0	0	2	0
1173032	0	0	0	0	2	0
1478	0	0	0	0	1	0
1263979	0	0	0	0	1	0
28037	0	0	0	0	4	0
450734	0	0	0	0	8	0
158847	0	0	0	0	1	0
68223	0	0	0	0	2	0
1938841	0	0	0	0	1	0
29570	0	0	0	0	10	0
935222	0	0	0	0	1	0
1049	0	0	0	0	2	0
670956	0	0	0	0	1	0
29466	0	0	0	0	30	0
271097	0	0	0	0	1	0
1855352	0	0	0	0	1	0
2686358	0	0	0	0	1	0
1131703	0	0	0	0	1	0
2493668	0	0	0	0	2	0
1862358	0	0	0	0	4	0
1766	0	0	0	0	1	0
399497	0	0	0	0	2	0
169402	0	0	0	0	1	0
839	0	0	0	0	6	0
1609559	0	0	0	0	1	0
1147	0	0	0	0	1	0
331696	0	0	0	0	1	0
666	0	0	0	0	4	0
293089	0	0	0	0	7	0
39950	0	0	0	0	64	0
143223	0	0	0	0	1	0
89152	0	0	0	0	1	0
2565555	0	0	0	0	3	0
2094025	0	0	0	0	1	0
291594	0	0	0	0	1	0
692370	0	0	0	0	2	0
2704465	0	0	0	0	5	0
4909	0	0	0	0	1	0
1850906	0	0	0	0	1	0
1302	0	0	0	0	20	0
459526	0	0	0	0	3	0
38293	0	0	0	0	1	0
313603	0	0	0	0	3	0
216963	0	0	0	0	4	0
1548	0	0	0	0	1	0
542	0	0	0	0	2	0
252307	0	0	0	0	7	0
1465	0	0	0	0	1	0
548	0	0	0	0	2	0
101028	0	0	0	0	2	0
28129	0	0	0	0	94	0
1313	0	0	0	0	1	0
1850374	0	0	0	0	1	0
1583098	0	0	0	0	1	0
84980	0	0	0	0	1	0
105560	0	0	0	0	2	0
2527978	0	0	0	0	19	0
999	0	0	0	0	1	0
28901	0	0	0	0	843	0
208224	0	0	0	0	3	0
1437360	0	0	0	0	2	0
208226	0	0	0	0	2	0
1608957	0	0	0	0	1	0
208223	0	0	0	0	8	0
190893	0	0	0	0	1	0
2602769	0	0	0	0	6	0
330734	0	0	0	0	2	0
591154	0	0	0	0	1	0
2058625	0	0	0	0	1	0
1736691	0	0	0	0	12	0
556287	0	0	0	0	3	0
324079	0	0	0	0	1	0
1653831	0	0	0	0	3	0
84022	0	0	0	0	1	0
1823	0	0	0	0	1	0
477641	0	0	0	0	1	0
861	0	0	0	0	2	0
28229	0	0	0	0	1	0
1241981	0	0	0	0	6	0
332410	0	0	0	0	1	0
94643	0	0	0	0	2	0
28223	0	0	0	0	14	0
91604	0	0	0	0	1	0
2079234	0	0	0	0	1	0
28123	0	0	0	0	80	0
1909293	0	0	0	0	1	0
2026189	0	0	0	0	1	0
2066	0	0	0	0	1	0
1674146	0	0	0	0	1	0
1586287	0	0	0	0	1	0
13690	0	0	0	0	3	0
62322	0	0	0	0	1	0
2697033	0	0	0	0	3	0
2565781	0	0	0	0	1	0
316	0	0	0	0	1	0
37326	0	0	0	0	1	0
187452	0	0	0	0	1	0
913109	0	0	0	0	5	0
1634516	0	0	0	0	3	0
2052899	0	0	0	0	1	0
650377	0	0	0	0	1	0
2609668	0	0	0	0	1	0
2358	0	0	0	0	1	0
603050	0	0	0	0	1	0
317936	0	0	0	0	1	0
1335	0	0	0	0	2	0
120683	0	0	0	0	5	0
1882757	0	0	0	0	2	0
214888	0	0	0	0	33	0
492	0	0	0	0	1	0
671990	0	0	0	0	1	0
1520670	0	0	0	0	1	0
2056494	0	0	0	0	74	0
199596	0	0	0	0	1	0
44742	0	0	0	0	1	0
1749	0	0	0	0	2	0
280036	0	0	0	0	3	0
1685010	0	0	0	0	1	0
587753	0	0	0	0	1	0
357276	0	0	0	0	5	0
1223566	0	0	0	0	1	0
102134	0	0	0	0	1	0
1007676	0	0	0	0	1	0
570267	0	0	0	0	1	0
380	0	0	0	0	1	0
384	0	0	0	0	1	0
379064	0	0	0	0	1	0
1581011	0	0	0	0	2	0
1678078	0	0	0	0	1	0
784	0	0	0	0	1	0
208452	0	0	0	0	6	0
1641	0	0	0	0	1	0
1640	0	0	0	0	1	0
1335061	0	0	0	0	5	0
88233	0	0	0	0	1	0
877500	0	0	0	0	2	0
496057	0	0	0	0	1	0
2502791	0	0	0	0	1	0
2144175	0	0	0	0	1	0
37487	0	0	0	0	1	0
169679	0	0	0	0	1	0
5874	0	0	0	0	1	0
164546	0	0	0	0	1	0
83557	0	0	0	0	1	0
2664374	0	0	0	0	42	0
5691	0	0	0	0	1	0
2711215	0	0	0	0	32	0
2713573	0	0	0	0	1	0
2487071	0	0	0	0	3	0
2528007	0	0	0	0	1	0
433296	0	0	0	0	1	0
1639133	0	0	0	0	22	0
573	0	0	0	0	32	0
571	0	0	0	0	1	0
63612	0	0	0	0	1	0
1495769	0	0	0	0	1	0
63	0	0	0	0	13	0
1608628	0	0	0	0	1	0
1081866	0	0	0	0	4	0
538220	0	0	0	0	1	0
75985	0	0	0	0	144	0
122368	0	0	0	0	2	0
74109	0	0	0	0	1	0
154	0	0	0	0	2	0
1421	0	0	0	0	3	0
1853278	0	0	0	0	13	0
240495	0	0	0	0	6	0
2203	0	0	0	0	1	0
215578	0	0	0	0	3	0
1582	0	0	0	0	1	0
2030797	0	0	0	0	2	0
1714849	0	0	0	0	1	0
1302411	0	0	0	0	1	0
2712222	0	0	0	0	25	0
1584	0	0	0	0	1	0
47960	0	0	0	0	1	0
1664069	0	0	0	0	1	0
1965231	0	0	0	0	1	0
235559	0	0	0	0	1	0
2681549	0	0	0	0	4	0
171285	0	0	0	0	1	0
171284	0	0	0	0	1	0
738	0	0	0	0	1	0
404589	0	0	0	0	1	0
83771	0	0	0	0	2	0
2360	0	0	0	0	1	0
630	0	0	0	0	1	0
2022475	0	0	0	0	1	0
632	0	0	0	0	65	0
762954	0	0	0	0	1	0
636	0	0	0	0	1	0
1935204	0	0	0	0	2	0
638	0	0	0	0	1	0
2172099	0	0	0	0	1	0
1351	0	0	0	0	3	0
1219	0	0	0	0	4	0
394958	0	0	0	0	2	0
1863	0	0	0	0	2	0
617123	0	0	0	0	1	0
1835254	0	0	0	0	2	0
1470434	0	0	0	0	1	0
2079535	0	0	0	0	30	0
1450761	0	0	0	0	2	0
519472	0	0	0	0	1	0
430522	0	0	0	0	1	0
2580412	0	0	0	0	2	0
461876	0	0	0	0	1	0
1914871	0	0	0	0	2	0
2268026	0	0	0	0	1	0
78587	0	0	0	0	23	0
52022	0	0	0	0	5	0
267128	0	0	0	0	10	0
1892855	0	0	0	0	2	0
1515	0	0	0	0	1	0
2102	0	0	0	0	1	0
1616117	0	0	0	0	1	0
408	0	0	0	0	7	0
2571749	0	0	0	0	5	0
2571748	0	0	0	0	2	0
1513	0	0	0	0	14	0
2734	0	0	0	0	3	0
338192	0	0	0	0	1	0
1636720	0	0	0	0	1	0
187491	0	0	0	0	1	0
1331910	0	0	0	0	1	0
712368	0	0	0	0	1	0
155892	0	0	0	0	2	0
1648	0	0	0	0	18	0
11320	0	0	0	0	2	0
1441095	0	0	0	0	1	0
2567941	0	0	0	0	1	0
216942	0	0	0	0	2	0
5478	0	0	0	0	2	0
216946	0	0	0	0	2	0
454171	0	0	0	0	5	0
1131707	0	0	0	0	2	0
28087	0	0	0	0	3	0
2057025	0	0	0	0	1	0
327575	0	0	0	0	1	0
1032623	0	0	0	0	1	0
32054	0	0	0	0	2	0
1673076	0	0	0	0	7	0
2479546	0	0	0	0	2	0
35818	0	0	0	0	2	0
114	0	0	0	0	1	0
105219	0	0	0	0	4	0
282676	0	0	0	0	1	0
56459	0	0	0	0	2	0
1084719	0	0	0	0	1	0
675864	0	0	0	0	1	0
103816	0	0	0	0	22	0
55601	0	0	0	0	1	0
1007105	0	0	0	0	5	0
81412	0	0	0	0	1	0
1718600	0	0	0	0	1	0
1002672	0	0	0	0	1	0
5207	0	0	0	0	6	0
309868	0	0	0	0	1	0
376805	0	0	0	0	16	0
29343	0	0	0	0	1	0
167964	0	0	0	0	1	0
152268	0	0	0	0	1	0
69539	0	0	0	0	1	0
1869241	0	0	0	0	1	0
5833	0	0	0	0	1	0
39766	0	0	0	0	1	0
301301	0	0	0	0	8	0
2572036	0	0	0	0	1	0
2493093	0	0	0	0	11	0
516075	0	0	0	0	2	0
28116	0	0	0	0	2	0
28110	0	0	0	0	1	0
138563	0	0	0	0	1	0
28112	0	0	0	0	1	0
1312072	0	0	0	0	1	0
807	0	0	0	0	3	0
28118	0	0	0	0	3	0
1985304	0	0	0	0	1	0
2421	0	0	0	0	1	0
33936	0	0	0	0	1	0
2126321	0	0	0	0	1	0
1945892	0	0	0	0	1	0
1334193	0	0	0	0	1	0
210	0	0	0	0	7	0
1324350	0	0	0	0	1	0
2587862	0	0	0	0	1	0
2591108	0	0	0	0	1	0
1613	0	0	0	0	1	0
5476	0	0	0	0	5	0
92942	0	0	0	0	1	0
5507	0	0	0	0	1	0
191495	0	0	0	0	1	0
54299	0	0	0	0	1	0
1547445	0	0	0	0	1	0
71999	0	0	0	0	7	0
1954171	0	0	0	0	2	0
29461	0	0	0	0	41	0
69220	0	0	0	0	1	0
1703343	0	0	0	0	1	0
1772	0	0	0	0	1	0
1076	0	0	0	0	7	0
651740	0	0	0	0	1	0
135569	0	0	0	0	1	0
669502	0	0	0	0	1	0
1080349	0	0	0	0	1	0
2527963	0	0	0	0	1	0
877455	0	0	0	0	1	0
1124835	0	0	0	0	1	0
1325107	0	0	0	0	2	0
280	0	0	0	0	1	0
33989	0	0	0	0	1	0
285	0	0	0	0	1	0
64104	0	0	0	0	2	0
287	0	0	0	0	4	0
766224	0	0	0	0	8	0
1752063	0	0	0	0	1	0
40542	0	0	0	0	11	0
2601668	0	0	0	0	1	0
2590777	0	0	0	0	6	0
2590776	0	0	0	0	1	0
674	0	0	0	0	3	0
670	0	0	0	0	1	0
1758178	0	0	0	0	11	0
320497	0	0	0	0	1	0
1561	0	0	0	0	2	0
467094	0	0	0	0	60	0
558152	0	0	0	0	1	0
1564681	0	0	0	0	1	0
986	0	0	0	0	3	0
56	0	0	0	0	1	0
417367	0	0	0	0	1	0
363852	0	0	0	0	3	0
573658	0	0	0	0	6	0
1807691	0	0	0	0	1	0
1944646	0	0	0	0	9	0
47835	0	0	0	0	3	0
90736	0	0	0	0	1	0
1508404	0	0	0	0	1	0
539	0	0	0	0	2	0
2060726	0	0	0	0	1	0
200	0	0	0	0	5	0
1721091	0	0	0	0	1	0
47715	0	0	0	0	2	0
1328	0	0	0	0	2	0
113562	0	0	0	0	2	0
4896	0	0	0	0	1	0
984	0	0	0	0	15	0
2005262	0	0	0	0	2	0
1842539	0	0	0	0	1	0
1404768	0	0	0	0	6	0
67780	0	0	0	0	1	0
1332080	0	0	0	0	3	0
1842532	0	0	0	0	4	0
1842533	0	0	0	0	1	0
1929246	0	0	0	0	16	0
142058	0	0	0	0	1	0
1501268	0	0	0	0	4	0
1501269	0	0	0	0	4	0
74329	0	0	0	0	1	0
206	0	0	0	0	3	0
1255	0	0	0	0	1	0
2218628	0	0	0	0	1	0
754409	0	0	0	0	3	0
421	0	0	0	0	1	0
1396	0	0	0	0	243	0
1393	0	0	0	0	1	0
208962	0	0	0	0	1	0
912	0	0	0	0	2	0
712357	0	0	0	0	28	0
1134687	0	0	0	0	10	0
1484116	0	0	0	0	1	0
303	0	0	0	0	16	0
1196095	0	0	0	0	5	0
305	0	0	0	0	6	0
2315862	0	0	0	0	1	0
656178	0	0	0	0	1	0
1298881	0	0	0	0	2	0
2171623	0	0	0	0	2	0
712310	0	0	0	0	24	0
2650775	0	0	0	0	12	0
554406	0	0	0	0	1	0
1178537	0	0	0	0	2	0
1903276	0	0	0	0	1	0
1404367	0	0	0	0	3	0
1938607	0	0	0	0	76	0
709883	0	0	0	0	1	0
2582905	0	0	0	0	6	0
157688	0	0	0	0	2	0
1423	0	0	0	0	6	0
849	0	0	0	0	1	0
2066070	0	0	0	0	7	0
68886	0	0	0	0	1	0
38300	0	0	0	0	93	0
2694929	0	0	0	0	1	0
1615909	0	0	0	0	2	0
443156	0	0	0	0	134	0
113608	0	0	0	0	2	0
288965	0	0	0	0	1	0
1325095	0	0	0	0	4	0
2377	0	0	0	0	1	0
526944	0	0	0	0	1	0
546367	0	0	0	0	1	0
197614	0	0	0	0	3	0
1573704	0	0	0	0	1	0
546874	0	0	0	0	11	0
639310	0	0	0	0	2	0
551760	0	0	0	0	4	0
1176533	0	0	0	0	1	0
164393	0	0	0	0	2	0
121719	0	0	0	0	1	0
5141	0	0	0	0	2	0
1816218	0	0	0	0	1	0
52584	0	0	0	0	2	0
1736	0	0	0	0	1	0
397865	0	0	0	0	2	0
374162	0	0	0	0	1	0
732	0	0	0	0	1	0
5868	0	0	0	0	1	0
1761012	0	0	0	0	2	0
1199245	0	0	0	0	1	0
1316596	0	0	0	0	9	0
1902245	0	0	0	0	148	0
224719	0	0	0	0	1	0
29484	0	0	0	0	1	0
1639108	0	0	0	0	1	0
565	0	0	0	0	1	0
78579	0	0	0	0	2	0
459858	0	0	0	0	1	0
2652307	0	0	0	0	13	0
1590	0	0	0	0	4	0
33964	0	0	0	0	1	0
54005	0	0	0	0	1	0
2189	0	0	0	0	1	0
2233851	0	0	0	0	1	0
1889813	0	0	0	0	1	0
29554	0	0	0	0	1	0
2172103	0	0	0	0	1	0
47878	0	0	0	0	1	0
1184	0	0	0	0	1	0
1800	0	0	0	0	1	0
727	0	0	0	0	21	0
1813879	0	0	0	0	74	0
1879050	0	0	0	0	3	0
1744	0	0	0	0	1	0
29322	0	0	0	0	18	0
658401	0	0	0	0	1	0
1670830	0	0	0	0	1	0
5270	0	0	0	0	1	0
2548456	0	0	0	0	8	0
1160	0	0	0	0	2	0
67825	0	0	0	0	1	0
132132	0	0	0	0	1	0
67827	0	0	0	0	20	0
158	0	0	0	0	1	0
1206	0	0	0	0	9	0
283734	0	0	0	0	12	0
1644131	0	0	0	0	2	0
47589	0	0	0	0	1	0
1302659	0	0	0	0	1	0
195250	0	0	0	0	1	0
33034	0	0	0	0	4	0
568766	0	0	0	0	1	0
470934	0	0	0	0	1	0
2219696	0	0	0	0	80	0
1526927	0	0	0	0	1	0
2058175	0	0	0	0	1	0
40576	0	0	0	0	1	0
1488	0	0	0	0	1	0
158500	0	0	0	0	1	0
238	0	0	0	0	1	0
2304600	0	0	0	0	1	0
138336	0	0	0	0	10	0
2172098	0	0	0	0	16	0
2571750	0	0	0	0	1	0
388640	0	0	0	0	1	0
1940762	0	0	0	0	1	0
878220	0	0	0	0	2	0
531813	0	0	0	0	1	0
29176	0	0	0	0	3	0
1563	0	0	0	0	1	0
43657	0	0	0	0	1	0
2663009	0	0	0	0	14	0
299262	0	0	0	0	1	0
52766	0	0	0	0	1	0
2518177	0	0	0	0	11	0
9606	0	0	0	0	171	0
267363	0	0	0	0	1	0
45634	0	0	0	0	2	0
1560345	0	0	0	0	1	0
683124	0	0	0	0	61	0
1572656	0	0	0	0	1	0
487	0	0	0	0	20	0
486	0	0	0	0	44	0
485	0	0	0	0	2	0
483	0	0	0	0	470	0
2025492	0	0	0	0	1	0
1808001	0	0	0	0	1	0
44822	0	0	0	0	3	0
160791	0	0	0	0	7	0
2169400	0	0	0	0	1	0
28199	0	0	0	0	1	0
271865	0	0	0	0	3	0
28197	0	0	0	0	1	0
1070130	0	0	0	0	1	0
594679	0	0	0	0	5	0
138074	0	0	0	0	1	0
471	0	0	0	0	1	0
476	0	0	0	0	2	0
1316411	0	0	0	0	1	0
1922615	0	0	0	0	1	0
266749	0	0	0	0	1	0
185300	0	0	0	0	17	0
2109685	0	0	0	0	79	0
