CRR125950_0.5.bracken_frac CRR125950_0.90.bracken_frac CRR125950_0.95.bracken_frac CRR125950_0.99.bracken_frac CRR125950_0.bracken_frac CRR125950_1.bracken_frac 
S 0.00014 0.00012 0.00020 0.00043 0.00009 0.00053 
67 0 0 0 13 0 
43 5 3 2 4 2 
5 0 0 0 19 0 
S 0.00011 0.00000 0.00000 0.00000 0.00009 0.00000 
2 1 2 2 4 3 
5 22 30 50 3 63 
89 19 9 9 18 9 
S 0.13538 0.52395 0.53545 0.41937 0.00954 0.35014 
412 80 60 48 452 45 
S 0.00003 0.00004 0.00005 0.00007 0.00366 0.00008 
55 0 0 0 66 0 
4 0 0 0 2 0 
34 18 0 0 8 0 
4 6 5 3 1 3 
37 12 10 8 42 8 
1 2 3 5 2 6 
1 0 0 0 1 0 
3 0 0 0 2 0 
1 7 9 13 9 16 
3 0 0 0 2 0 
4 10 8 5 5 4 
2 0 0 0 2 0 
3 1 1 1 1 1 
S 0.00030 0.00000 0.00000 0.00000 0.00477 0.00000 
108 0 0 0 10 0 
1595 0 0 0 3958 0 
S 0.00003 0.00008 0.00010 0.00014 0.00002 0.00015 
94 0 0 0 14 0 
S 0.00024 0.00020 0.00020 0.00014 0.00005 0.00015 
124 0 0 0 174 0 
2 0 0 0 71 0 
91844 2 0 0 0 1 0 
1 2 3 5 5 6 
3 0 0 0 43 0 
S 0.02102 0.00000 0.00000 0.00000 0.00096 0.00000 
145 28 11 0 100 0 
HOT-286 S 0.00052 0.00000 0.00000 0.00000 0.00096 0.00000 
S 0.00011 0.00000 0.00000 0.00000 0.00002 0.00000 
S 0.00005 0.00000 0.00000 0.00000 0.00002 0.00000 
1 0 0 0 55 0 
2 3 3 2 1 2 
1 0 0 0 2 0 
2 2 1 1 1 1 
299 S 0.00016 0.00016 0.00020 0.00029 0.00103 0.00030 
1 0 0 0 149 0 
1 0 0 0 11 0 
S 0.00005 0.00012 0.00010 0.00014 0.00002 0.00008 
2 6 6 7 1 8 
3 0 0 0 2 0 
S 0.00016 0.00000 0.00000 0.00000 0.00002 0.00000 
103 0 0 0 243 0 
2 3 3 1 1 1 
13 0 0 0 58 0 
18517 3141 1702 1338 12378 1406 
S 0.00169 0.00126 0.00121 0.00179 0.00590 0.00219 
16 0 0 0 1 0 
511435 1 0 0 0 3 0 
16 6 5 4 57 4 
173 15 10 6 228 7 
S 0.00008 0.00000 0.00000 0.00000 0.00038 0.00000 
S 0.00016 0.00016 0.00020 0.00014 0.00002 0.00015 
54 226 314 512 84 648 
5 0 0 0 1 0 
S 0.00011 0.00035 0.00035 0.00029 0.00002 0.00023 
15 0 0 0 1 0 
S 0.00427 0.00000 0.00000 0.00000 0.00007 0.00000 
14 38 37 37 1 42 
144 66 53 0 110 0 
13 0 0 0 1 0 
4 9 7 4 1 3 
3 0 0 0 3 0 
1 1 1 1 1 1 
232 34 23 17 73 17 
345 0 0 0 517 0 
8 1 1 1 6 1 
9 19 15 9 2 7 
S 0.00033 0.00000 0.00000 0.00000 0.00451 0.00000 
2 0 0 0 3 0 
1 1 1 1 2 1 
51 19 9 7 11 7 
2 0 0 0 1 0 
16 8 1 1 3 1 
103 0 0 0 116 0 
376 0 0 0 195 0 
210 373 356 347 49 384 
S 0.00003 0.00004 0.00005 0.00007 0.00007 0.00008 
2 0 0 0 1 0 
114186 2 0 0 0 30 0 
19 0 0 0 13 0 
885 1430 1509 1931 2413 2302 
S 0.00125 0.00000 0.00000 0.00000 0.00002 0.00000 
S 0.00008 0.00008 0.00010 0.00007 0.00002 0.00008 
11665 8 2 1 1 8 1 
9 0 0 0 29 0 
32 0 0 0 8 0 
32 2 2 1 1 1 
20 0 0 0 14 0 
12 0 0 0 1 0 
25 0 0 0 127 0 
1982 727 533 338 1709 318 
199 0 0 0 84 0 
59748 4 5 6 7 5 7 
353 50 19 14 101 13 
12 3 2 2 1 2 
1173027 3 0 0 0 1 0 
S 0.00617 0.00812 0.01032 0.01465 0.00571 0.01537 
S 0.00044 0.00000 0.00000 0.00000 0.00068 0.00000 
S 0.00016 0.00012 0.00010 0.00014 0.00019 0.00015 
160 96 0 0 59 0 
3 0 0 0 3 0 
5 0 0 0 5 0 
25 1 1 1 306 1 
22 17 18 20 70 22 
1 2 1 1 2 1 
125 96 69 58 207 56 
3 2 1 1 3 1 
1 0 0 0 11 0 
9 3 3 1 1 2 
18 0 0 0 1 0 
2 0 0 0 1 0 
859 0 0 0 271 0 
2 0 0 0 1 0 
2 0 0 0 6 0 
1 0 0 0 5 0 
30 0 0 0 162 0 
23 51 0 0 16 0 
5 12 10 5 1 4 
3 0 0 0 1 0 
1 0 0 0 3 0 
2181 5161 4079 2997 29 2921 
RS40 S 0.00003 0.00004 0.00005 0.00007 0.00002 0.00008 
11 7 5 4 5 5 
4 5 2 1 5 1 
S 0.00000 0.00000 0.00000 0.00000 0.00007 0.00000 
65093 0 0 0 0 2 0 
S 0.00000 0.00000 0.00000 0.00000 0.00002 0.00000 
0 0 0 0 1 0 
0 0 0 0 1 0 
S 0.00000 0.00000 0.00000 0.00000 0.00002 0.00000 
0 0 0 0 1 0 
0 0 0 0 1 0 
0 0 0 0 1 0 
S 0.00000 0.00000 0.00000 0.00000 0.00002 0.00000 
1792307 0 0 0 0 1 0 
0 0 0 0 27 0 
0 0 0 0 1 0 
0 0 0 0 1 0 
S 0.00000 0.00000 0.00000 0.00000 0.00005 0.00000 
0 0 0 0 32 0 
0 0 0 0 1 0 
0 0 0 0 1 0 
0 0 0 0 1 0 
0 0 0 0 3 0 
0 0 0 0 1 0 
S 0.00000 0.00000 0.00000 0.00000 0.00002 0.00000 
0 0 0 0 1 0 
0 0 0 0 8 0 
332163 0 0 0 0 1 0 
0 0 0 0 1 0 
0 0 0 0 1 0 
0 0 0 0 1 0 
0 0 0 0 2 0 
S 0.00000 0.00000 0.00000 0.00000 0.00002 0.00000 
0 0 0 0 1 0 
S 0.00000 0.00000 0.00000 0.00000 0.00002 0.00000 
0 0 0 0 3 0 
0 0 0 0 1 0 
S 0.00000 0.00000 0.00000 0.00000 0.00005 0.00000 
0 0 0 0 1 0 
0 0 0 0 1 0 
0 0 0 0 1 0 
S 0.00000 0.00000 0.00000 0.00000 0.00016 0.00000 
0 0 0 0 1 0 
S 0.00000 0.00000 0.00000 0.00000 0.00002 0.00000 
0 0 0 0 3 0 
0 0 0 0 1 0 
0 0 0 0 4 0 
S 0.00000 0.00000 0.00000 0.00000 0.00002 0.00000 
1536769 0 0 0 0 2 0 
0 0 0 0 1 0 
0 0 0 0 2 0 
0 0 0 0 3 0 
0 0 0 0 1 0 
S 0.00000 0.00000 0.00000 0.00000 0.00009 0.00000 
0 0 0 0 5 0 
S 0.00000 0.00000 0.00000 0.00000 0.00002 0.00000 
S 0.00000 0.00000 0.00000 0.00000 0.00002 0.00000 
0 0 0 0 9 0 
0 0 0 0 1 0 
0 0 0 0 1 0 
929 S 0.00000 0.00000 0.00000 0.00000 0.00002 0.00000 
0 0 0 0 14 0 
0 0 0 0 152 0 
233181 0 0 0 0 1 0 
0 0 0 0 1 0 
S 0.00000 0.00000 0.00000 0.00000 0.00002 0.00000 
0 0 0 0 2 0 
0 0 0 0 5 0 
0 0 0 0 3 0 
0 0 0 0 1 0 
0 0 0 0 1 0 
0 0 0 0 12 0 
0 0 0 0 2 0 
0 0 0 0 2 0 
0 0 0 0 1 0 
0 0 0 0 14 0 
0 0 0 0 1 0 
S 0.00000 0.00000 0.00000 0.00000 0.00002 0.00000 
0 0 0 0 3 0 
0 0 0 0 1 0 
0 0 0 0 1 0 
0 0 0 0 1 0 
S 0.00000 0.00000 0.00000 0.00000 0.00002 0.00000 
0 0 0 0 5 0 
0 0 0 0 2 0 
0 0 0 0 1 0 
345199 0 0 0 0 3 0 
0 0 0 0 1 0 
S 0.00000 0.00000 0.00000 0.00000 0.00005 0.00000 
S 0.00000 0.00000 0.00000 0.00000 0.00002 0.00000 
0 0 0 0 1 0 
0 0 0 0 9 0 
S 0.00000 0.00000 0.00000 0.00000 0.00007 0.00000 
0 0 0 0 1 0 
0 0 0 0 1 0 
0 0 0 0 1 0 
0 0 0 0 1 0 
0 0 0 0 1 0 
S 0.00000 0.00000 0.00000 0.00000 0.00002 0.00000 
0 0 0 0 1 0 
0 0 0 0 1251 0 
0 0 0 0 1 0 
0 0 0 0 2 0 
S 0.00000 0.00000 0.00000 0.00000 0.00002 0.00000 
0 0 0 0 16 0 
0 0 0 0 2 0 
0 0 0 0 2 0 
0 0 0 0 136 0 
S 0.00000 0.00000 0.00000 0.00000 0.00002 0.00000 
0 0 0 0 1 0 
S 0.00000 0.00000 0.00000 0.00000 0.00002 0.00000 
0 0 0 0 44 0 
0 0 0 0 1 0 
0 0 0 0 1 0 
0 0 0 0 3 0 
0 0 0 0 1 0 
0 0 0 0 16 0 
0 0 0 0 1 0 
0 0 0 0 4 0 
0 0 0 0 1 0 
S 0.00000 0.00000 0.00000 0.00000 0.00002 0.00000 
0 0 0 0 3 0 
S 0.00000 0.00000 0.00000 0.00000 0.00002 0.00000 
0 0 0 0 2 0 
S 0.00000 0.00000 0.00000 0.00000 0.00002 0.00000 
0 0 0 0 2 0 
0 0 0 0 1 0 
0 0 0 0 1 0 
0 0 0 0 1 0 
0 0 0 0 1 0 
0 0 0 0 1 0 
S 0.00000 0.00000 0.00000 0.00000 0.00002 0.00000 
0 0 0 0 1 0 
0 0 0 0 1 0 
0 0 0 0 1 0 
0 0 0 0 1 0 
S 0.00000 0.00000 0.00000 0.00000 0.00002 0.00000 
0 0 0 0 1 0 
0 0 0 0 2 0 
0 0 0 0 2 0 
S 0.00000 0.00000 0.00000 0.00000 0.00002 0.00000 
S 0.00000 0.00000 0.00000 0.00000 0.00002 0.00000 
S 0.00000 0.00000 0.00000 0.00000 0.00005 0.00000 
lipophora S 0.00000 0.00000 0.00000 0.00000 0.00002 0.00000 
S 0.00000 0.00000 0.00000 0.00000 0.00087 0.00000 
0 0 0 0 6 0 
0 0 0 0 1 0 
0 0 0 0 2 0 
0 0 0 0 2 0 
0 0 0 0 8 0 
0 0 0 0 3 0 
0 0 0 0 2 0 
0 0 0 0 1 0 
0 0 0 0 1 0 
S 0.00000 0.00000 0.00000 0.00000 0.00002 0.00000 
0 0 0 0 1 0 
0 0 0 0 1 0 
0 0 0 0 59 0 
0 0 0 0 1 0 
S 0.00000 0.00000 0.00000 0.00000 0.00007 0.00000 
167468 0 0 0 0 2 0 
0 0 0 0 1 0 
S 0.00000 0.00000 0.00000 0.00000 0.00082 0.00000 
1971485 0 0 0 0 1 0 
0 0 0 0 1 0 
S 0.00000 0.00000 0.00000 0.00000 0.00002 0.00000 
0 0 0 0 2 0 
S 0.00000 0.00000 0.00000 0.00000 0.00009 0.00000 
S 0.00000 0.00000 0.00000 0.00000 0.00002 0.00000 
0 0 0 0 4 0 
0 0 0 0 2 0 
S 0.00000 0.00000 0.00000 0.00000 0.00002 0.00000 
S 0.00000 0.00000 0.00000 0.00000 0.00179 0.00000 
S 0.00000 0.00000 0.00000 0.00000 0.00002 0.00000 
S 0.00000 0.00000 0.00000 0.00000 0.06655 0.00000 
0 0 0 0 1 0 
0 0 0 0 1 0 
0 0 0 0 2 0 
0 0 0 0 2 0 
0 0 0 0 1 0 
0 0 0 0 1 0 
0 0 0 0 1 0 
S 0.00000 0.00000 0.00000 0.00000 0.00002 0.00000 
0 0 0 0 58 0 
0 0 0 0 1 0 
S 0.00000 0.00000 0.00000 0.00000 0.00002 0.00000 
0 0 0 0 1 0 
G2 S 0.00000 0.00000 0.00000 0.00000 0.00009 0.00000 
0 0 0 0 5 0 
S 0.00000 0.00000 0.00000 0.00000 0.00002 0.00000 
0 0 0 0 2 0 
0 0 0 0 1 0 
S 0.00000 0.00000 0.00000 0.00000 0.00002 0.00000 
0 0 0 0 10 0 
0 0 0 0 4 0 
0 0 0 0 7 0 
0 0 0 0 1 0 
1173026 0 0 0 0 1 0 
0 0 0 0 2 0 
0 0 0 0 1 0 
0 0 0 0 229 0 
1173025 0 0 0 0 3 0 
0 0 0 0 1 0 
0 0 0 0 97 0 
0 0 0 0 2 0 
0 0 0 0 2 0 
0 0 0 0 3805 0 
0 0 0 0 1 0 
S 0.00000 0.00000 0.00000 0.00000 0.00042 0.00000 
0 0 0 0 3 0 
0 0 0 0 1 0 
0 0 0 0 1 0 
0 0 0 0 5 0 
0 0 0 0 4 0 
0 0 0 0 1 0 
S 0.00000 0.00000 0.00000 0.00000 0.00002 0.00000 
0 0 0 0 30 0 
S 0.00000 0.00000 0.00000 0.00000 0.00009 0.00000 
0 0 0 0 1 0 
0 0 0 0 1 0 
0 0 0 0 2 0 
0 0 0 0 1 0 
0 0 0 0 1 0 
S 0.00000 0.00000 0.00000 0.00000 0.00002 0.00000 
S 0.00000 0.00000 0.00000 0.00000 0.00005 0.00000 
0 0 0 0 1 0 
S 0.00000 0.00000 0.00000 0.00000 0.00005 0.00000 
0 0 0 0 2 0 
0 0 0 0 3 0 
0 0 0 0 1 0 
0 0 0 0 4 0 
0 0 0 0 1 0 
0 0 0 0 1 0 
0 0 0 0 1 0 
0 0 0 0 1 0 
S 0.00000 0.00000 0.00000 0.00000 0.00002 0.00000 
0 0 0 0 1 0 
0 0 0 0 9 0 
0 0 0 0 2 0 
0 0 0 0 1 0 
0 0 0 0 1 0 
0 0 0 0 2 0 
0 0 0 0 1 0 
0 0 0 0 7 0 
0 0 0 0 1 0 
0 0 0 0 1 0 
0 0 0 0 2 0 
0 0 0 0 7 0 
0 0 0 0 2 0 
0 0 0 0 1 0 
0 0 0 0 1 0 
0 0 0 0 1 0 
0 0 0 0 1 0 
S 0.00000 0.00000 0.00000 0.00000 0.00002 0.00000 
S 0.00000 0.00000 0.00000 0.00000 0.00002 0.00000 
S 0.00000 0.00000 0.00000 0.00000 0.00005 0.00000 
0 0 0 0 1 0 
S 0.00000 0.00000 0.00000 0.00000 0.00496 0.00000 
0 0 0 0 1 0 
472834 0 0 0 0 2 0 
0 0 0 0 1 0 
0 0 0 0 13 0 
0 0 0 0 4 0 
0 0 0 0 1 0 
cubana S 0.00000 0.00000 0.00000 0.00000 0.00002 0.00000 
0 0 0 0 1 0 
0 0 0 0 1 0 
S 0.00000 0.00000 0.00000 0.00000 0.00009 0.00000 
0 0 0 0 1 0 
S 0.00000 0.00000 0.00000 0.00000 0.00002 0.00000 
1896175 0 0 0 0 1 0 
0 0 0 0 11 0 
S 0.00000 0.00000 0.00000 0.00000 0.00002 0.00000 
S 0.00000 0.00000 0.00000 0.00000 0.00002 0.00000 
0 0 0 0 96 0 
0 0 0 0 2 0 
0 0 0 0 6 0 
0 0 0 0 1 0 
0 0 0 0 1 0 
0 0 0 0 1 0 
0 0 0 0 2 0 
0 0 0 0 1 0 
0 0 0 0 1 0 
S 0.00000 0.00000 0.00000 0.00000 0.00002 0.00000 
0 0 0 0 1 0 
0 0 0 0 1 0 
S 0.00000 0.00000 0.00000 0.00000 0.00005 0.00000 
0 0 0 0 7 0 
0 0 0 0 1 0 
0 0 0 0 2 0 
0 0 0 0 6 0 
0 0 0 0 10 0 
S 0.00000 0.00000 0.00000 0.00000 0.00002 0.00000 
0 0 0 0 3 0 
0 0 0 0 1 0 
858422 0 0 0 0 1 0 
0 0 0 0 2 0 
0 0 0 0 8 0 
S 0.00000 0.00000 0.00000 0.00000 0.00002 0.00000 
0 0 0 0 1 0 
0 0 0 0 1 0 
S 0.00000 0.00000 0.00000 0.00000 0.00002 0.00000 
S 0.00000 0.00000 0.00000 0.00000 0.00012 0.00000 
S 0.00000 0.00000 0.00000 0.00000 0.00002 0.00000 
0 0 0 0 1 0 
0 0 0 0 7 0 
0 0 0 0 2 0 
S 0.00000 0.00000 0.00000 0.00000 0.00002 0.00000 
0 0 0 0 1 0 
0 0 0 0 5 0 
S 0.00000 0.00000 0.00000 0.00000 0.00005 0.00000 
0 0 0 0 1 0 
115808 0 0 0 0 1 0 
S 0.00000 0.00000 0.00000 0.00000 0.00002 0.00000 
0 0 0 0 1 0 
S 0.00000 0.00000 0.00000 0.00000 0.00016 0.00000 
0 0 0 0 1 0 
S 0.00000 0.00000 0.00000 0.00000 0.00002 0.00000 
0 0 0 0 1 0 
0 0 0 0 1 0 
0 0 0 0 1 0 
S 0.00000 0.00000 0.00000 0.00000 0.00002 0.00000 
0 0 0 0 18 0 
0 0 0 0 17 0 
0 0 0 0 10 0 
Polyrhachis turneri S 0.00000 0.00000 0.00000 0.00000 0.00005 0.00000 
0 0 0 0 2 0 
S 0.00000 0.00000 0.00000 0.00000 0.00002 0.00000 
S 0.00000 0.00000 0.00000 0.00000 0.00364 0.00000 
0 0 0 0 4 0 
323 S 0.00000 0.00000 0.00000 0.00000 0.00002 0.00000 
1536771 0 0 0 0 1 0 
2592655 0 0 0 0 1 0 
0 0 0 0 1 0 
0 0 0 0 1 0 
0 0 0 0 5 0 
0 0 0 0 1 0 
0 0 0 0 17 0 
0 0 0 0 1 0 
S 0.00000 0.00000 0.00000 0.00000 0.00005 0.00000 
0 0 0 0 1 0 
0 0 0 0 1 0 
S 0.00000 0.00000 0.00000 0.00000 0.00002 0.00000 
0 0 0 0 1 0 
0 0 0 0 1 0 
0 0 0 0 1 0 
0 0 0 0 4 0 
0 0 0 0 3 0 
S 0.00000 0.00000 0.00000 0.00000 0.00007 0.00000 
0 0 0 0 1 0 
1458461 0 0 0 0 1 0 
0 0 0 0 1 0 
S 0.00000 0.00000 0.00000 0.00000 0.00019 0.00000 
0 0 0 0 1 0 
0 0 0 0 2 0 
0 0 0 0 168 0 
0 0 0 0 2 0 
0 0 0 0 1 0 
S 0.00000 0.00000 0.00000 0.00000 0.00002 0.00000 
0 0 0 0 2 0 
0 0 0 0 24 0 
S 0.00000 0.00000 0.00000 0.00000 0.00002 0.00000 
al. 363835 0 0 0 0 138 0 
0 0 0 0 1 0 
0 0 0 0 2 0 
0 0 0 0 1 0 
0 0 0 0 1 0 
0 0 0 0 3 0 
0 0 0 0 1 0 
0 0 0 0 20 0 
0 0 0 0 2 0 
0 0 0 0 4 0 
0 0 0 0 9 0 
0 0 0 0 2 0 
S 0.00000 0.00000 0.00000 0.00000 0.00002 0.00000 
0 0 0 0 3 0 
0 0 0 0 4 0 
0 0 0 0 3 0 
0 0 0 0 10 0 
0 0 0 0 2 0 
0 0 0 0 2 0 
S 0.00000 0.00000 0.00000 0.00000 0.00005 0.00000 
0 0 0 0 1 0 
0 0 0 0 2 0 
0 0 0 0 1 0 
S 0.00000 0.00000 0.00000 0.00000 0.00002 0.00000 
S 0.00000 0.00000 0.00000 0.00000 0.00005 0.00000 
0 0 0 0 5 0 
S 0.00000 0.00000 0.00000 0.00000 0.00009 0.00000 
0 0 0 0 2 0 
0 0 0 0 1 0 
0 0 0 0 1 0 
0 0 0 0 1 0 
0 0 0 0 1 0 
0 0 0 0 1 0 
336810 0 0 0 0 4 0 
0 0 0 0 11 0 
0 0 0 0 7 0 
S 0.00000 0.00000 0.00000 0.00000 0.00002 0.00000 
0 0 0 0 1 0 
0 0 0 0 1 0 
1109743 0 0 0 0 46 0 
0 0 0 0 10 0 
0 0 0 0 1 0 
0 0 0 0 1 0 
0 0 0 0 1 0 
S 0.00000 0.00000 0.00000 0.00000 0.00005 0.00000 
S 0.00000 0.00000 0.00000 0.00000 0.00002 0.00000 
0 0 0 0 1 0 
39768 0 0 0 0 3 0 
0 0 0 0 1 0 
0 0 0 0 15 0 
0 0 0 0 2 0 
0 0 0 0 1 0 
0 0 0 0 1 0 
S 0.00000 0.00000 0.00000 0.00000 0.00002 0.00000 
0 0 0 0 32 0 
0 0 0 0 3 0 
0 0 0 0 1 0 
S 0.00000 0.00000 0.00000 0.00000 0.00005 0.00000 
0 0 0 0 3 0 
S 0.00000 0.00000 0.00000 0.00000 0.00002 0.00000 
0 0 0 0 2 0 
0 0 0 0 1 0 
0 0 0 0 1 0 
S 0.00000 0.00000 0.00000 0.00000 0.00023 0.00000 
0 0 0 0 1 0 
0 0 0 0 1 0 
0 0 0 0 1 0 
0 0 0 0 4 0 
0 0 0 0 2 0 
S 0.00000 0.00000 0.00000 0.00000 0.00002 0.00000 
S 0.00000 0.00000 0.00000 0.00000 0.00005 0.00000 
S 0.00000 0.00000 0.00000 0.00000 0.00002 0.00000 
0 0 0 0 1 0 
S 0.00000 0.00000 0.00000 0.00000 0.00002 0.00000 
1714373 0 0 0 0 7 0 
0 0 0 0 1 0 
S 0.00000 0.00000 0.00000 0.00000 0.00002 0.00000 
0 0 0 0 1 0 
0 0 0 0 2 0 
0 0 0 0 1 0 
0 0 0 0 7 0 
S 0.00000 0.00000 0.00000 0.00000 0.00005 0.00000 
0 0 0 0 1 0 
0 0 0 0 1 0 
0 0 0 0 2 0 
S 0.00000 0.00000 0.00000 0.00000 0.00002 0.00000 
0 0 0 0 5 0 
0 0 0 0 6 0 
0 0 0 0 5 0 
S 0.00000 0.00000 0.00000 0.00000 0.00002 0.00000 
0 0 0 0 1 0 
RS39 S 0.00000 0.00000 0.00000 0.00000 0.00005 0.00000 
0 0 0 0 1 0 
S 0.00000 0.00000 0.00000 0.00000 0.00014 0.00000 
0 0 0 0 10 0 
0 0 0 0 153 0 
0 0 0 0 10 0 
0 0 0 0 4 0 
0 0 0 0 2 0 
0 0 0 0 2 0 
0 0 0 0 2 0 
0 0 0 0 1 0 
S 0.00000 0.00000 0.00000 0.00000 0.00005 0.00000 
0 0 0 0 2 0 
0 0 0 0 1 0 
1263979 0 0 0 0 1 0 
0 0 0 0 4 0 
0 0 0 0 8 0 
0 0 0 0 1 0 
0 0 0 0 2 0 
S 0.00000 0.00000 0.00000 0.00000 0.00002 0.00000 
0 0 0 0 10 0 
S 0.00000 0.00000 0.00000 0.00000 0.00002 0.00000 
0 0 0 0 2 0 
S 0.00000 0.00000 0.00000 0.00000 0.00002 0.00000 
0 0 0 0 30 0 
0 0 0 0 1 0 
S 0.00000 0.00000 0.00000 0.00000 0.00002 0.00000 
S 0.00000 0.00000 0.00000 0.00000 0.00002 0.00000 
0 0 0 0 1 0 
S 0.00000 0.00000 0.00000 0.00000 0.00005 0.00000 
0 0 0 0 4 0 
0 0 0 0 1 0 
0 0 0 0 2 0 
candida S 0.00000 0.00000 0.00000 0.00000 0.00002 0.00000 
0 0 0 0 6 0 
0 0 0 0 1 0 
1147 0 0 0 0 1 0 
0 0 0 0 1 0 
0 0 0 0 4 0 
0 0 0 0 7 0 
0 0 0 0 64 0 
0 0 0 0 1 0 
0 0 0 0 1 0 
S 0.00000 0.00000 0.00000 0.00000 0.00007 0.00000 
S 0.00000 0.00000 0.00000 0.00000 0.00002 0.00000 
0 0 0 0 1 0 
0 0 0 0 2 0 
S 0.00000 0.00000 0.00000 0.00000 0.00012 0.00000 
0 0 0 0 1 0 
S 0.00000 0.00000 0.00000 0.00000 0.00002 0.00000 
0 0 0 0 20 0 
0 0 0 0 3 0 
0 0 0 0 1 0 
S 0.00000 0.00000 0.00000 0.00000 0.00007 0.00000 
S 0.00000 0.00000 0.00000 0.00000 0.00009 0.00000 
0 0 0 0 1 0 
0 0 0 0 2 0 
0 0 0 0 7 0 
0 0 0 0 1 0 
0 0 0 0 2 0 
0 0 0 0 2 0 
0 0 0 0 94 0 
0 0 0 0 1 0 
S 0.00000 0.00000 0.00000 0.00000 0.00002 0.00000 
0 0 0 0 1 0 
0 0 0 0 1 0 
0 0 0 0 2 0 
S 0.00000 0.00000 0.00000 0.00000 0.00045 0.00000 
0 0 0 0 1 0 
0 0 0 0 843 0 
0 0 0 0 3 0 
0 0 0 0 2 0 
0 0 0 0 2 0 
S 0.00000 0.00000 0.00000 0.00000 0.00002 0.00000 
0 0 0 0 8 0 
0 0 0 0 1 0 
0 0 0 0 6 0 
0 0 0 0 2 0 
0 0 0 0 1 0 
S 0.00000 0.00000 0.00000 0.00000 0.00002 0.00000 
0 0 0 0 12 0 
S 0.00000 0.00000 0.00000 0.00000 0.00007 0.00000 
0 0 0 0 1 0 
0 0 0 0 3 0 
0 0 0 0 1 0 
0 0 0 0 1 0 
0 0 0 0 1 0 
0 0 0 0 2 0 
0 0 0 0 1 0 
0 0 0 0 6 0 
0 0 0 0 1 0 
0 0 0 0 2 0 
0 0 0 0 14 0 
acanthamoebae S 0.00000 0.00000 0.00000 0.00000 0.00002 0.00000 
0 0 0 0 1 0 
0 0 0 0 80 0 
0 0 0 0 1 0 
0 0 0 0 1 0 
0 0 0 0 1 0 
0 0 0 0 1 0 
0 0 0 0 1 0 
0 0 0 0 3 0 
0 0 0 0 1 0 
2697033 0 0 0 0 3 0 
2565781 0 0 0 0 1 0 
0 0 0 0 1 0 
0 0 0 0 1 0 
0 0 0 0 1 0 
0 0 0 0 5 0 
S 0.00000 0.00000 0.00000 0.00000 0.00007 0.00000 
2052899 0 0 0 0 1 0 
650377 0 0 0 0 1 0 
S 0.00000 0.00000 0.00000 0.00000 0.00002 0.00000 
0 0 0 0 1 0 
0 0 0 0 1 0 
317936 0 0 0 0 1 0 
0 0 0 0 2 0 
120683 0 0 0 0 5 0 
S 0.00000 0.00000 0.00000 0.00000 0.00005 0.00000 
0 0 0 0 33 0 
0 0 0 0 1 0 
S 0.00000 0.00000 0.00000 0.00000 0.00002 0.00000 
0 0 0 0 1 0 
YM_S32_TM7_50_20 S 0.00000 0.00000 0.00000 0.00000 0.00174 0.00000 
0 0 0 0 1 0 
0 0 0 0 1 0 
0 0 0 0 2 0 
0 0 0 0 3 0 
0 0 0 0 1 0 
0 0 0 0 1 0 
0 0 0 0 5 0 
S 0.00000 0.00000 0.00000 0.00000 0.00002 0.00000 
0 0 0 0 1 0 
0 0 0 0 1 0 
0 0 0 0 1 0 
0 0 0 0 1 0 
0 0 0 0 1 0 
0 0 0 0 1 0 
S 0.00000 0.00000 0.00000 0.00000 0.00005 0.00000 
0 0 0 0 1 0 
0 0 0 0 1 0 
0 0 0 0 6 0 
0 0 0 0 1 0 
0 0 0 0 1 0 
0 0 0 0 5 0 
0 0 0 0 1 0 
0 0 0 0 2 0 
0 0 0 0 1 0 
0 0 0 0 1 0 
0 0 0 0 1 0 
0 0 0 0 1 0 
0 0 0 0 1 0 
0 0 0 0 1 0 
0 0 0 0 1 0 
0 0 0 0 1 0 
2664374 0 0 0 0 42 0 
0 0 0 0 1 0 
S 0.00000 0.00000 0.00000 0.00000 0.00075 0.00000 
S 0.00000 0.00000 0.00000 0.00000 0.00002 0.00000 
S 0.00000 0.00000 0.00000 0.00000 0.00007 0.00000 
S 0.00000 0.00000 0.00000 0.00000 0.00002 0.00000 
Aminipila 433296 0 0 0 0 1 0 
0 0 0 0 22 0 
0 0 0 0 32 0 
0 0 0 0 1 0 
0 0 0 0 1 0 
1495769 0 0 0 0 1 0 
0 0 0 0 13 0 
S 0.00000 0.00000 0.00000 0.00000 0.00002 0.00000 
0 0 0 0 4 0 
0 0 0 0 1 0 
0 0 0 0 144 0 
0 0 0 0 2 0 
0 0 0 0 1 0 
0 0 0 0 2 0 
0 0 0 0 3 0 
0 0 0 0 13 0 
0 0 0 0 6 0 
0 0 0 0 1 0 
0 0 0 0 3 0 
0 0 0 0 1 0 
S 0.00000 0.00000 0.00000 0.00000 0.00005 0.00000 
S 0.00000 0.00000 0.00000 0.00000 0.00002 0.00000 
1302411 0 0 0 0 1 0 
2712222 0 0 0 0 25 0 
0 0 0 0 1 0 
0 0 0 0 1 0 
0 0 0 0 1 0 
0 0 0 0 1 0 
dispersus S 0.00000 0.00000 0.00000 0.00000 0.00002 0.00000 
S 0.00000 0.00000 0.00000 0.00000 0.00009 0.00000 
0 0 0 0 1 0 
0 0 0 0 1 0 
0 0 0 0 1 0 
S 0.00000 0.00000 0.00000 0.00000 0.00002 0.00000 
0 0 0 0 2 0 
symbiont S 0.00000 0.00000 0.00000 0.00000 0.00002 0.00000 
0 0 0 0 1 0 
S 0.00000 0.00000 0.00000 0.00000 0.00002 0.00000 
0 0 0 0 65 0 
0 0 0 0 1 0 
0 0 0 0 1 0 
0 0 0 0 2 0 
0 0 0 0 1 0 
S 0.00000 0.00000 0.00000 0.00000 0.00002 0.00000 
0 0 0 0 3 0 
0 0 0 0 4 0 
0 0 0 0 2 0 
0 0 0 0 2 0 
0 0 0 0 1 0 
0 0 0 0 2 0 
0 0 0 0 1 0 
S 0.00000 0.00000 0.00000 0.00000 0.00070 0.00000 
S 0.00000 0.00000 0.00000 0.00000 0.00005 0.00000 
0 0 0 0 1 0 
0 0 0 0 1 0 
S 0.00000 0.00000 0.00000 0.00000 0.00005 0.00000 
0 0 0 0 1 0 
1914871 0 0 0 0 2 0 
S 0.00000 0.00000 0.00000 0.00000 0.00002 0.00000 
0 0 0 0 23 0 
0 0 0 0 5 0 
0 0 0 0 10 0 
S 0.00000 0.00000 0.00000 0.00000 0.00005 0.00000 
0 0 0 0 1 0 
0 0 0 0 1 0 
0 0 0 0 1 0 
0 0 0 0 7 0 
S 0.00000 0.00000 0.00000 0.00000 0.00012 0.00000 
S 0.00000 0.00000 0.00000 0.00000 0.00005 0.00000 
0 0 0 0 14 0 
0 0 0 0 3 0 
0 0 0 0 1 0 
S 0.00000 0.00000 0.00000 0.00000 0.00002 0.00000 
0 0 0 0 1 0 
0 0 0 0 1 0 
498 S 0.00000 0.00000 0.00000 0.00000 0.00002 0.00000 
0 0 0 0 2 0 
0 0 0 0 18 0 
S 0.00000 0.00000 0.00000 0.00000 0.00005 0.00000 
0 0 0 0 1 0 
S 0.00000 0.00000 0.00000 0.00000 0.00002 0.00000 
0 0 0 0 2 0 
0 0 0 0 2 0 
0 0 0 0 2 0 
0 0 0 0 5 0 
0 0 0 0 2 0 
0 0 0 0 3 0 
0 0 0 0 1 0 
0 0 0 0 1 0 
0 0 0 0 1 0 
0 0 0 0 2 0 
0 0 0 0 7 0 
S 0.00000 0.00000 0.00000 0.00000 0.00005 0.00000 
0 0 0 0 2 0 
0 0 0 0 1 0 
0 0 0 0 4 0 
0 0 0 0 1 0 
0 0 0 0 2 0 
S 0.00000 0.00000 0.00000 0.00000 0.00002 0.00000 
0 0 0 0 1 0 
0 0 0 0 22 0 
0 0 0 0 1 0 
S 0.00000 0.00000 0.00000 0.00000 0.00012 0.00000 
0 0 0 0 1 0 
S 0.00000 0.00000 0.00000 0.00000 0.00002 0.00000 
IMCC9063 S 0.00000 0.00000 0.00000 0.00000 0.00002 0.00000 
0 0 0 0 6 0 
S 0.00000 0.00000 0.00000 0.00000 0.00002 0.00000 
0 0 0 0 16 0 
0 0 0 0 1 0 
0 0 0 0 1 0 
0 0 0 0 1 0 
0 0 0 0 1 0 
S 0.00000 0.00000 0.00000 0.00000 0.00002 0.00000 
0 0 0 0 1 0 
0 0 0 0 1 0 
0 0 0 0 8 0 
2572036 0 0 0 0 1 0 
S 0.00000 0.00000 0.00000 0.00000 0.00026 0.00000 
0 0 0 0 2 0 
0 0 0 0 2 0 
0 0 0 0 1 0 
0 0 0 0 1 0 
0 0 0 0 1 0 
S 0.00000 0.00000 0.00000 0.00000 0.00002 0.00000 
0 0 0 0 3 0 
0 0 0 0 3 0 
S 0.00000 0.00000 0.00000 0.00000 0.00002 0.00000 
0 0 0 0 1 0 
0 0 0 0 1 0 
S 0.00000 0.00000 0.00000 0.00000 0.00002 0.00000 
1945892 0 0 0 0 1 0 
0 0 0 0 1 0 
0 0 0 0 7 0 
0 0 0 0 1 0 
S 0.00000 0.00000 0.00000 0.00000 0.00002 0.00000 
S 0.00000 0.00000 0.00000 0.00000 0.00002 0.00000 
0 0 0 0 1 0 
0 0 0 0 5 0 
0 0 0 0 1 0 
0 0 0 0 1 0 
0 0 0 0 1 0 
0 0 0 0 1 0 
S 0.00000 0.00000 0.00000 0.00000 0.00002 0.00000 
0 0 0 0 7 0 
S 0.00000 0.00000 0.00000 0.00000 0.00005 0.00000 
0 0 0 0 41 0 
0 0 0 0 1 0 
0 0 0 0 1 0 
0 0 0 0 1 0 
0 0 0 0 7 0 
0 0 0 0 1 0 
0 0 0 0 1 0 
669502 0 0 0 0 1 0 
0 0 0 0 1 0 
S 0.00000 0.00000 0.00000 0.00000 0.00002 0.00000 
0 0 0 0 1 0 
0 0 0 0 1 0 
0 0 0 0 2 0 
0 0 0 0 1 0 
0 0 0 0 1 0 
0 0 0 0 1 0 
0 0 0 0 2 0 
0 0 0 0 4 0 
0 0 0 0 8 0 
S 0.00000 0.00000 0.00000 0.00000 0.00002 0.00000 
0 0 0 0 11 0 
2601668 0 0 0 0 1 0 
S 0.00000 0.00000 0.00000 0.00000 0.00014 0.00000 
S 0.00000 0.00000 0.00000 0.00000 0.00002 0.00000 
0 0 0 0 3 0 
0 0 0 0 1 0 
0 0 0 0 11 0 
0 0 0 0 1 0 
0 0 0 0 2 0 
0 0 0 0 60 0 
0 0 0 0 1 0 
S 0.00000 0.00000 0.00000 0.00000 0.00002 0.00000 
0 0 0 0 3 0 
0 0 0 0 1 0 
0 0 0 0 1 0 
0 0 0 0 3 0 
573658 0 0 0 0 6 0 
0 0 0 0 1 0 
0 0 0 0 9 0 
0 0 0 0 3 0 
0 0 0 0 1 0 
0 0 0 0 1 0 
0 0 0 0 2 0 
S 0.00000 0.00000 0.00000 0.00000 0.00002 0.00000 
0 0 0 0 5 0 
17019 S 0.00000 0.00000 0.00000 0.00000 0.00002 0.00000 
0 0 0 0 2 0 
0 0 0 0 2 0 
0 0 0 0 2 0 
0 0 0 0 1 0 
0 0 0 0 15 0 
serrata S 0.00000 0.00000 0.00000 0.00000 0.00005 0.00000 
S 0.00000 0.00000 0.00000 0.00000 0.00002 0.00000 
0 0 0 0 6 0 
0 0 0 0 1 0 
0 0 0 0 3 0 
S 0.00000 0.00000 0.00000 0.00000 0.00009 0.00000 
S 0.00000 0.00000 0.00000 0.00000 0.00002 0.00000 
halophilus S 0.00000 0.00000 0.00000 0.00000 0.00038 0.00000 
0 0 0 0 1 0 
1501268 0 0 0 0 4 0 
1501269 0 0 0 0 4 0 
0 0 0 0 1 0 
0 0 0 0 3 0 
0 0 0 0 1 0 
0 0 0 0 1 0 
S 0.00000 0.00000 0.00000 0.00000 0.00007 0.00000 
0 0 0 0 1 0 
0 0 0 0 243 0 
0 0 0 0 1 0 
0 0 0 0 1 0 
0 0 0 0 2 0 
212 S 0.00000 0.00000 0.00000 0.00000 0.00066 0.00000 
0 0 0 0 10 0 
1484116 0 0 0 0 1 0 
0 0 0 0 16 0 
0 0 0 0 5 0 
0 0 0 0 6 0 
0 0 0 0 1 0 
0 0 0 0 1 0 
S 0.00000 0.00000 0.00000 0.00000 0.00005 0.00000 
S 0.00000 0.00000 0.00000 0.00000 0.00005 0.00000 
036 S 0.00000 0.00000 0.00000 0.00000 0.00056 0.00000 
2650775 0 0 0 0 12 0 
0 0 0 0 1 0 
0 0 0 0 2 0 
1903276 0 0 0 0 1 0 
0 0 0 0 3 0 
S 0.00000 0.00000 0.00000 0.00000 0.00179 0.00000 
0 0 0 0 1 0 
S 0.00000 0.00000 0.00000 0.00000 0.00014 0.00000 
0 0 0 0 2 0 
0 0 0 0 6 0 
0 0 0 0 1 0 
0 0 0 0 7 0 
0 0 0 0 1 0 
0 0 0 0 93 0 
0 0 0 0 1 0 
S 0.00000 0.00000 0.00000 0.00000 0.00005 0.00000 
0 0 0 0 134 0 
0 0 0 0 2 0 
0 0 0 0 1 0 
0 0 0 0 4 0 
0 0 0 0 1 0 
0 0 0 0 1 0 
0 0 0 0 1 0 
0 0 0 0 3 0 
S 0.00000 0.00000 0.00000 0.00000 0.00002 0.00000 
0 0 0 0 11 0 
0 0 0 0 2 0 
0 0 0 0 4 0 
0 0 0 0 1 0 
0 0 0 0 2 0 
0 0 0 0 1 0 
0 0 0 0 2 0 
1816218 0 0 0 0 1 0 
0 0 0 0 2 0 
0 0 0 0 1 0 
0 0 0 0 2 0 
0 0 0 0 1 0 
0 0 0 0 1 0 
0 0 0 0 1 0 
S 0.00000 0.00000 0.00000 0.00000 0.00005 0.00000 
eucalypti S 0.00000 0.00000 0.00000 0.00000 0.00002 0.00000 
878 S 0.00000 0.00000 0.00000 0.00000 0.00021 0.00000 
S 0.00000 0.00000 0.00000 0.00000 0.00348 0.00000 
S 0.00000 0.00000 0.00000 0.00000 0.00002 0.00000 
0 0 0 0 1 0 
0 0 0 0 1 0 
0 0 0 0 1 0 
0 0 0 0 2 0 
0 0 0 0 1 0 
2652307 0 0 0 0 13 0 
0 0 0 0 4 0 
0 0 0 0 1 0 
0 0 0 0 1 0 
0 0 0 0 1 0 
0 0 0 0 1 0 
439 S 0.00000 0.00000 0.00000 0.00000 0.00002 0.00000 
0 0 0 0 1 0 
0 0 0 0 1 0 
0 0 0 0 1 0 
0 0 0 0 1 0 
0 0 0 0 1 0 
0 0 0 0 21 0 
S 0.00000 0.00000 0.00000 0.00000 0.00174 0.00000 
0 0 0 0 3 0 
0 0 0 0 1 0 
0 0 0 0 18 0 
0 0 0 0 1 0 
0 0 0 0 1 0 
0 0 0 0 1 0 
0 0 0 0 8 0 
0 0 0 0 2 0 
0 0 0 0 1 0 
0 0 0 0 1 0 
0 0 0 0 20 0 
0 0 0 0 1 0 
0 0 0 0 9 0 
0 0 0 0 12 0 
S 0.00000 0.00000 0.00000 0.00000 0.00005 0.00000 
0 0 0 0 1 0 
0 0 0 0 1 0 
195250 0 0 0 0 1 0 
0 0 0 0 4 0 
568766 0 0 0 0 1 0 
0 0 0 0 1 0 
S 0.00000 0.00000 0.00000 0.00000 0.00188 0.00000 
1526927 0 0 0 0 1 0 
0 0 0 0 1 0 
0 0 0 0 1 0 
0 0 0 0 1 0 
0 0 0 0 1 0 
0 0 0 0 1 0 
S 0.00000 0.00000 0.00000 0.00000 0.00002 0.00000 
0 0 0 0 10 0 
0 0 0 0 16 0 
S 0.00000 0.00000 0.00000 0.00000 0.00002 0.00000 
0 0 0 0 1 0 
S 0.00000 0.00000 0.00000 0.00000 0.00002 0.00000 
S 0.00000 0.00000 0.00000 0.00000 0.00005 0.00000 
0 0 0 0 1 0 
0 0 0 0 3 0 
0 0 0 0 1 0 
0 0 0 0 1 0 
0 0 0 0 14 0 
0 0 0 0 1 0 
Caldicellulosiruptor 52766 0 0 0 0 1 0 
0 0 0 0 11 0 
0 0 0 0 171 0 
0 0 0 0 1 0 
0 0 0 0 2 0 
0 0 0 0 1 0 
0 0 0 0 61 0 
S 0.00000 0.00000 0.00000 0.00000 0.00002 0.00000 
0 0 0 0 20 0 
0 0 0 0 44 0 
0 0 0 0 2 0 
0 0 0 0 470 0 
S 0.00000 0.00000 0.00000 0.00000 0.00002 0.00000 
S 0.00000 0.00000 0.00000 0.00000 0.00002 0.00000 
0 0 0 0 3 0 
0 0 0 0 7 0 
S 0.00000 0.00000 0.00000 0.00000 0.00002 0.00000 
0 0 0 0 1 0 
0 0 0 0 3 0 
0 0 0 0 1 0 
1070130 0 0 0 0 1 0 
0 0 0 0 5 0 
0 0 0 0 1 0 
0 0 0 0 1 0 
0 0 0 0 2 0 
S 0.00000 0.00000 0.00000 0.00000 0.00002 0.00000 
1922615 0 0 0 0 1 0 
0 0 0 0 1 0 
0 0 0 0 17 0 
S 0.00000 0.00000 0.00000 0.00000 0.00186 0.00000 
