CRR125950_0.5.bracken_num CRR125950_0.90.bracken_num CRR125950_0.95.bracken_num CRR125950_0.99.bracken_num CRR125950_0.bracken_num CRR125950_1.bracken_num 
1349819 5 3 4 6 4 7 
S 0.00182 0.00000 0.00000 0.00000 0.00031 0.00000 
S 0.00117 0.00020 0.00015 0.00014 0.00009 0.00015 
S 0.00014 0.00000 0.00000 0.00000 0.00045 0.00000 
2704463 4 0 0 0 4 0 
S 0.00005 0.00004 0.00010 0.00014 0.00009 0.00023 
S 0.00014 0.00086 0.00151 0.00359 0.00007 0.00475 
S 0.00242 0.00075 0.00045 0.00065 0.00042 0.00068 
2049935 4978 13354 10634 5841 406 4647 
S 0.01120 0.00314 0.00302 0.00345 0.01062 0.00339 
2133944 1 1 1 1 156 1 
S 0.00150 0.00000 0.00000 0.00000 0.00155 0.00000 
S 0.00011 0.00000 0.00000 0.00000 0.00005 0.00000 
S 0.00092 0.00071 0.00000 0.00000 0.00019 0.00000 
S 0.00011 0.00024 0.00025 0.00022 0.00002 0.00023 
S 0.00101 0.00047 0.00050 0.00057 0.00099 0.00060 
S 0.00003 0.00008 0.00015 0.00036 0.00005 0.00045 
S 0.00003 0.00000 0.00000 0.00000 0.00002 0.00000 
S 0.00008 0.00000 0.00000 0.00000 0.00005 0.00000 
S 0.00003 0.00027 0.00045 0.00093 0.00021 0.00121 
S 0.00008 0.00000 0.00000 0.00000 0.00005 0.00000 
S 0.00011 0.00039 0.00040 0.00036 0.00012 0.00030 
S 0.00005 0.00000 0.00000 0.00000 0.00005 0.00000 
S 0.00008 0.00004 0.00005 0.00007 0.00002 0.00008 
2057741 11 0 0 0 203 0 
S 0.00294 0.00000 0.00000 0.00000 0.00023 0.00000 
S 0.04338 0.00000 0.00000 0.00000 0.09298 0.00000 
641107 1 2 2 2 1 2 
S 0.00256 0.00000 0.00000 0.00000 0.00033 0.00000 
2652177 9 5 4 2 2 2 
S 0.00337 0.00000 0.00000 0.00000 0.00409 0.00000 
S 0.00005 0.00000 0.00000 0.00000 0.00167 0.00000 
aleyrodidarum S 0.00005 0.00000 0.00000 0.00000 0.00002 0.00000 
S 0.00003 0.00008 0.00015 0.00036 0.00012 0.00045 
S 0.00008 0.00000 0.00000 0.00000 0.00101 0.00000 
1914525 773 0 0 0 41 0 
S 0.00394 0.00110 0.00055 0.00000 0.00235 0.00000 
taxon 712710 19 0 0 0 41 0 
1921565 4 0 0 0 1 0 
2033032 2 0 0 0 1 0 
S 0.00003 0.00000 0.00000 0.00000 0.00129 0.00000 
S 0.00005 0.00012 0.00015 0.00014 0.00002 0.00015 
S 0.00003 0.00000 0.00000 0.00000 0.00005 0.00000 
S 0.00005 0.00008 0.00005 0.00007 0.00002 0.00008 
taxon 652716 6 4 4 4 44 4 
S 0.00003 0.00000 0.00000 0.00000 0.00350 0.00000 
S 0.00003 0.00000 0.00000 0.00000 0.00026 0.00000 
2169539 2 3 2 2 1 1 
S 0.00005 0.00024 0.00030 0.00050 0.00002 0.00060 
S 0.00008 0.00000 0.00000 0.00000 0.00005 0.00000 
709797 6 0 0 0 1 0 
S 0.00280 0.00000 0.00000 0.00000 0.00571 0.00000 
S 0.00005 0.00012 0.00015 0.00007 0.00002 0.00008 
S 0.00035 0.00000 0.00000 0.00000 0.00136 0.00000 
S 0.50358 0.12324 0.08570 0.09607 0.29077 0.10594 
2184519 62 32 24 25 251 29 
S 0.00044 0.00000 0.00000 0.00000 0.00002 0.00000 
pseudotrichonymphae S 0.00003 0.00000 0.00000 0.00000 0.00007 0.00000 
S 0.00044 0.00024 0.00025 0.00029 0.00134 0.00030 
S 0.00470 0.00059 0.00050 0.00043 0.00536 0.00053 
11216 3 0 0 0 16 0 
748247 6 4 4 2 1 2 
S 0.00147 0.00887 0.01581 0.03676 0.00197 0.04882 
S 0.00014 0.00000 0.00000 0.00000 0.00002 0.00000 
2069255 4 9 7 4 1 3 
S 0.00041 0.00000 0.00000 0.00000 0.00002 0.00000 
1758194 157 0 0 0 3 0 
S 0.00038 0.00149 0.00186 0.00266 0.00002 0.00316 
S 0.00392 0.00259 0.00267 0.00000 0.00258 0.00000 
S 0.00035 0.00000 0.00000 0.00000 0.00002 0.00000 
S 0.00011 0.00035 0.00035 0.00029 0.00002 0.00023 
S 0.00008 0.00000 0.00000 0.00000 0.00007 0.00000 
S 0.00003 0.00004 0.00005 0.00007 0.00002 0.00008 
S 0.00631 0.00133 0.00116 0.00122 0.00171 0.00128 
S 0.00938 0.00000 0.00000 0.00000 0.01214 0.00000 
S 0.00022 0.00004 0.00005 0.00007 0.00014 0.00008 
S 0.00024 0.00075 0.00076 0.00065 0.00005 0.00053 
1197460 12 0 0 0 192 0 
S 0.00005 0.00000 0.00000 0.00000 0.00007 0.00000 
S 0.00003 0.00004 0.00005 0.00007 0.00005 0.00008 
S 0.00139 0.00075 0.00045 0.00050 0.00026 0.00053 
S 0.00005 0.00000 0.00000 0.00000 0.00002 0.00000 
S 0.00044 0.00031 0.00005 0.00007 0.00007 0.00008 
S 0.00280 0.00000 0.00000 0.00000 0.00272 0.00000 
S 0.01023 0.00000 0.00000 0.00000 0.00458 0.00000 
S 0.00571 0.01463 0.01793 0.02491 0.00115 0.02893 
2493639 1 1 1 1 3 1 
S 0.00005 0.00000 0.00000 0.00000 0.00002 0.00000 
ruddii S 0.00005 0.00000 0.00000 0.00000 0.00070 0.00000 
S 0.00052 0.00000 0.00000 0.00000 0.00031 0.00000 
S 0.02407 0.05611 0.07598 0.13864 0.05668 0.17345 
463040 46 0 0 0 1 0 
2653200 3 2 2 1 1 1 
virus S 0.00022 0.00008 0.00005 0.00007 0.00019 0.00008 
S 0.00024 0.00000 0.00000 0.00000 0.00068 0.00000 
S 0.00087 0.00000 0.00000 0.00000 0.00019 0.00000 
S 0.00087 0.00008 0.00010 0.00007 0.00002 0.00008 
S 0.00054 0.00000 0.00000 0.00000 0.00033 0.00000 
S 0.00033 0.00000 0.00000 0.00000 0.00002 0.00000 
S 0.00068 0.00000 0.00000 0.00000 0.00298 0.00000 
S 0.05390 0.02852 0.02684 0.02427 0.04015 0.02396 
S 0.00541 0.00000 0.00000 0.00000 0.00197 0.00000 
australiense S 0.00011 0.00020 0.00030 0.00050 0.00012 0.00053 
S 0.00960 0.00196 0.00096 0.00101 0.00237 0.00098 
S 0.00033 0.00012 0.00010 0.00014 0.00002 0.00015 
7113 S 0.00008 0.00000 0.00000 0.00000 0.00002 0.00000 
1969841 227 207 205 204 243 204 
2545799 16 0 0 0 29 0 
288000 6 3 2 2 8 2 
S 0.00435 0.00377 0.00000 0.00000 0.00139 0.00000 
S 0.00008 0.00000 0.00000 0.00000 0.00007 0.00000 
S 0.00014 0.00000 0.00000 0.00000 0.00012 0.00000 
S 0.00068 0.00004 0.00005 0.00007 0.00719 0.00008 
S 0.00060 0.00067 0.00091 0.00144 0.00164 0.00166 
S 0.00003 0.00008 0.00005 0.00007 0.00005 0.00008 
S 0.00340 0.00377 0.00347 0.00416 0.00486 0.00422 
S 0.00008 0.00008 0.00005 0.00007 0.00007 0.00008 
S 0.00003 0.00000 0.00000 0.00000 0.00026 0.00000 
S 0.00024 0.00012 0.00015 0.00007 0.00002 0.00015 
S 0.00049 0.00000 0.00000 0.00000 0.00002 0.00000 
S 0.00005 0.00000 0.00000 0.00000 0.00002 0.00000 
S 0.02336 0.00000 0.00000 0.00000 0.00637 0.00000 
S 0.00005 0.00000 0.00000 0.00000 0.00002 0.00000 
S 0.00005 0.00000 0.00000 0.00000 0.00014 0.00000 
S 0.00003 0.00000 0.00000 0.00000 0.00012 0.00000 
S 0.00082 0.00000 0.00000 0.00000 0.00381 0.00000 
S 0.00063 0.00200 0.00000 0.00000 0.00038 0.00000 
S 0.00014 0.00047 0.00050 0.00036 0.00002 0.00030 
S 0.00008 0.00000 0.00000 0.00000 0.00002 0.00000 
S 0.00003 0.00000 0.00000 0.00000 0.00007 0.00000 
S 0.05931 0.20250 0.20539 0.21518 0.00068 0.22009 
sp. 1977865 1 1 1 1 1 1 
S 0.00030 0.00027 0.00025 0.00029 0.00012 0.00038 
S 0.00011 0.00020 0.00010 0.00007 0.00012 0.00008 
2661922 0 0 0 0 3 0 
7418 S 0.00000 0.00000 0.00000 0.00000 0.00005 0.00000 
2697019 0 0 0 0 1 0 
S 0.00000 0.00000 0.00000 0.00000 0.00002 0.00000 
S 0.00000 0.00000 0.00000 0.00000 0.00002 0.00000 
2004644 0 0 0 0 1 0 
S 0.00000 0.00000 0.00000 0.00000 0.00002 0.00000 
S 0.00000 0.00000 0.00000 0.00000 0.00002 0.00000 
S 0.00000 0.00000 0.00000 0.00000 0.00002 0.00000 
2170745 0 0 0 0 1 0 
26642 S 0.00000 0.00000 0.00000 0.00000 0.00002 0.00000 
S 0.00000 0.00000 0.00000 0.00000 0.00063 0.00000 
S 0.00000 0.00000 0.00000 0.00000 0.00002 0.00000 
S 0.00000 0.00000 0.00000 0.00000 0.00002 0.00000 
1922247 0 0 0 0 2 0 
S 0.00000 0.00000 0.00000 0.00000 0.00075 0.00000 
S 0.00000 0.00000 0.00000 0.00000 0.00002 0.00000 
S 0.00000 0.00000 0.00000 0.00000 0.00002 0.00000 
S 0.00000 0.00000 0.00000 0.00000 0.00002 0.00000 
S 0.00000 0.00000 0.00000 0.00000 0.00007 0.00000 
S 0.00000 0.00000 0.00000 0.00000 0.00002 0.00000 
2557994 0 0 0 0 1 0 
S 0.00000 0.00000 0.00000 0.00000 0.00002 0.00000 
S 0.00000 0.00000 0.00000 0.00000 0.00019 0.00000 
usitatus S 0.00000 0.00000 0.00000 0.00000 0.00002 0.00000 
S 0.00000 0.00000 0.00000 0.00000 0.00002 0.00000 
S 0.00000 0.00000 0.00000 0.00000 0.00002 0.00000 
S 0.00000 0.00000 0.00000 0.00000 0.00002 0.00000 
S 0.00000 0.00000 0.00000 0.00000 0.00005 0.00000 
2711156 0 0 0 0 1 0 
S 0.00000 0.00000 0.00000 0.00000 0.00002 0.00000 
2067960 0 0 0 0 1 0 
S 0.00000 0.00000 0.00000 0.00000 0.00007 0.00000 
S 0.00000 0.00000 0.00000 0.00000 0.00002 0.00000 
1327635 0 0 0 0 2 0 
S 0.00000 0.00000 0.00000 0.00000 0.00002 0.00000 
S 0.00000 0.00000 0.00000 0.00000 0.00002 0.00000 
S 0.00000 0.00000 0.00000 0.00000 0.00002 0.00000 
2184575 0 0 0 0 7 0 
S 0.00000 0.00000 0.00000 0.00000 0.00002 0.00000 
2545455 0 0 0 0 1 0 
S 0.00000 0.00000 0.00000 0.00000 0.00007 0.00000 
S 0.00000 0.00000 0.00000 0.00000 0.00002 0.00000 
S 0.00000 0.00000 0.00000 0.00000 0.00009 0.00000 
2069432 0 0 0 0 1 0 
P4-0081 S 0.00000 0.00000 0.00000 0.00000 0.00005 0.00000 
S 0.00000 0.00000 0.00000 0.00000 0.00002 0.00000 
S 0.00000 0.00000 0.00000 0.00000 0.00005 0.00000 
S 0.00000 0.00000 0.00000 0.00000 0.00007 0.00000 
S 0.00000 0.00000 0.00000 0.00000 0.00002 0.00000 
1812480 0 0 0 0 4 0 
S 0.00000 0.00000 0.00000 0.00000 0.00012 0.00000 
2488665 0 0 0 0 1 0 
2663022 0 0 0 0 1 0 
S 0.00000 0.00000 0.00000 0.00000 0.00021 0.00000 
S 0.00000 0.00000 0.00000 0.00000 0.00002 0.00000 
S 0.00000 0.00000 0.00000 0.00000 0.00002 0.00000 
taxon 2081703 0 0 0 0 1 0 
S 0.00000 0.00000 0.00000 0.00000 0.00033 0.00000 
S 0.00000 0.00000 0.00000 0.00000 0.00357 0.00000 
blastocrithidii S 0.00000 0.00000 0.00000 0.00000 0.00002 0.00000 
S 0.00000 0.00000 0.00000 0.00000 0.00002 0.00000 
1453352 0 0 0 0 1 0 
S 0.00000 0.00000 0.00000 0.00000 0.00005 0.00000 
S 0.00000 0.00000 0.00000 0.00000 0.00012 0.00000 
S 0.00000 0.00000 0.00000 0.00000 0.00007 0.00000 
S 0.00000 0.00000 0.00000 0.00000 0.00002 0.00000 
S 0.00000 0.00000 0.00000 0.00000 0.00002 0.00000 
S 0.00000 0.00000 0.00000 0.00000 0.00028 0.00000 
S 0.00000 0.00000 0.00000 0.00000 0.00005 0.00000 
S 0.00000 0.00000 0.00000 0.00000 0.00005 0.00000 
S 0.00000 0.00000 0.00000 0.00000 0.00002 0.00000 
S 0.00000 0.00000 0.00000 0.00000 0.00033 0.00000 
S 0.00000 0.00000 0.00000 0.00000 0.00002 0.00000 
2259595 0 0 0 0 1 0 
S 0.00000 0.00000 0.00000 0.00000 0.00007 0.00000 
S 0.00000 0.00000 0.00000 0.00000 0.00002 0.00000 
S 0.00000 0.00000 0.00000 0.00000 0.00002 0.00000 
S 0.00000 0.00000 0.00000 0.00000 0.00002 0.00000 
2507538 0 0 0 0 1 0 
S 0.00000 0.00000 0.00000 0.00000 0.00012 0.00000 
S 0.00000 0.00000 0.00000 0.00000 0.00005 0.00000 
S 0.00000 0.00000 0.00000 0.00000 0.00002 0.00000 
31 S 0.00000 0.00000 0.00000 0.00000 0.00007 0.00000 
S 0.00000 0.00000 0.00000 0.00000 0.00002 0.00000 
1137095 0 0 0 0 2 0 
186490 0 0 0 0 1 0 
S 0.00000 0.00000 0.00000 0.00000 0.00002 0.00000 
S 0.00000 0.00000 0.00000 0.00000 0.00021 0.00000 
2614639 0 0 0 0 3 0 
S 0.00000 0.00000 0.00000 0.00000 0.00002 0.00000 
S 0.00000 0.00000 0.00000 0.00000 0.00002 0.00000 
S 0.00000 0.00000 0.00000 0.00000 0.00002 0.00000 
S 0.00000 0.00000 0.00000 0.00000 0.00002 0.00000 
S 0.00000 0.00000 0.00000 0.00000 0.00002 0.00000 
1714860 0 0 0 0 1 0 
S 0.00000 0.00000 0.00000 0.00000 0.00002 0.00000 
S 0.00000 0.00000 0.00000 0.00000 0.02939 0.00000 
S 0.00000 0.00000 0.00000 0.00000 0.00002 0.00000 
S 0.00000 0.00000 0.00000 0.00000 0.00005 0.00000 
640511 0 0 0 0 1 0 
S 0.00000 0.00000 0.00000 0.00000 0.00038 0.00000 
S 0.00000 0.00000 0.00000 0.00000 0.00005 0.00000 
S 0.00000 0.00000 0.00000 0.00000 0.00005 0.00000 
S 0.00000 0.00000 0.00000 0.00000 0.00319 0.00000 
1871034 0 0 0 0 1 0 
S 0.00000 0.00000 0.00000 0.00000 0.00002 0.00000 
2249356 0 0 0 0 1 0 
S 0.00000 0.00000 0.00000 0.00000 0.00103 0.00000 
S 0.00000 0.00000 0.00000 0.00000 0.00002 0.00000 
S 0.00000 0.00000 0.00000 0.00000 0.00002 0.00000 
S 0.00000 0.00000 0.00000 0.00000 0.00007 0.00000 
S 0.00000 0.00000 0.00000 0.00000 0.00002 0.00000 
S 0.00000 0.00000 0.00000 0.00000 0.00038 0.00000 
S 0.00000 0.00000 0.00000 0.00000 0.00002 0.00000 
S 0.00000 0.00000 0.00000 0.00000 0.00009 0.00000 
S 0.00000 0.00000 0.00000 0.00000 0.00002 0.00000 
296591 0 0 0 0 1 0 
S 0.00000 0.00000 0.00000 0.00000 0.00007 0.00000 
34020 0 0 0 0 1 0 
S 0.00000 0.00000 0.00000 0.00000 0.00005 0.00000 
34021 0 0 0 0 1 0 
S 0.00000 0.00000 0.00000 0.00000 0.00005 0.00000 
S 0.00000 0.00000 0.00000 0.00000 0.00002 0.00000 
S 0.00000 0.00000 0.00000 0.00000 0.00002 0.00000 
S 0.00000 0.00000 0.00000 0.00000 0.00002 0.00000 
S 0.00000 0.00000 0.00000 0.00000 0.00002 0.00000 
S 0.00000 0.00000 0.00000 0.00000 0.00002 0.00000 
1628392 0 0 0 0 1 0 
S 0.00000 0.00000 0.00000 0.00000 0.00002 0.00000 
S 0.00000 0.00000 0.00000 0.00000 0.00002 0.00000 
S 0.00000 0.00000 0.00000 0.00000 0.00002 0.00000 
S 0.00000 0.00000 0.00000 0.00000 0.00002 0.00000 
2058137 0 0 0 0 1 0 
S 0.00000 0.00000 0.00000 0.00000 0.00002 0.00000 
S 0.00000 0.00000 0.00000 0.00000 0.00005 0.00000 
S 0.00000 0.00000 0.00000 0.00000 0.00005 0.00000 
1407071 0 0 0 0 1 0 
1513235 0 0 0 0 1 0 
1191459 0 0 0 0 2 0 
Stachyamoeba 2486578 0 0 0 0 1 0 
2594265 0 0 0 0 37 0 
S 0.00000 0.00000 0.00000 0.00000 0.00014 0.00000 
S 0.00000 0.00000 0.00000 0.00000 0.00002 0.00000 
S 0.00000 0.00000 0.00000 0.00000 0.00005 0.00000 
S 0.00000 0.00000 0.00000 0.00000 0.00005 0.00000 
S 0.00000 0.00000 0.00000 0.00000 0.00019 0.00000 
S 0.00000 0.00000 0.00000 0.00000 0.00007 0.00000 
S 0.00000 0.00000 0.00000 0.00000 0.00005 0.00000 
S 0.00000 0.00000 0.00000 0.00000 0.00002 0.00000 
S 0.00000 0.00000 0.00000 0.00000 0.00002 0.00000 
83406 0 0 0 0 1 0 
S 0.00000 0.00000 0.00000 0.00000 0.00002 0.00000 
S 0.00000 0.00000 0.00000 0.00000 0.00002 0.00000 
S 0.00000 0.00000 0.00000 0.00000 0.00139 0.00000 
S 0.00000 0.00000 0.00000 0.00000 0.00002 0.00000 
1850254 0 0 0 0 3 0 
3257 S 0.00000 0.00000 0.00000 0.00000 0.00005 0.00000 
S 0.00000 0.00000 0.00000 0.00000 0.00002 0.00000 
2039166 0 0 0 0 35 0 
dryophthoridicola S 0.00000 0.00000 0.00000 0.00000 0.00002 0.00000 
S 0.00000 0.00000 0.00000 0.00000 0.00002 0.00000 
2048654 0 0 0 0 1 0 
S 0.00000 0.00000 0.00000 0.00000 0.00005 0.00000 
2202826 0 0 0 0 4 0 
1844999 0 0 0 0 1 0 
S 0.00000 0.00000 0.00000 0.00000 0.00009 0.00000 
S 0.00000 0.00000 0.00000 0.00000 0.00005 0.00000 
1922217 0 0 0 0 1 0 
2528020 0 0 0 0 76 0 
2651974 0 0 0 0 1 0 
2492837 0 0 0 0 2833 0 
S 0.00000 0.00000 0.00000 0.00000 0.00002 0.00000 
S 0.00000 0.00000 0.00000 0.00000 0.00002 0.00000 
S 0.00000 0.00000 0.00000 0.00000 0.00005 0.00000 
S 0.00000 0.00000 0.00000 0.00000 0.00005 0.00000 
S 0.00000 0.00000 0.00000 0.00000 0.00002 0.00000 
S 0.00000 0.00000 0.00000 0.00000 0.00002 0.00000 
S 0.00000 0.00000 0.00000 0.00000 0.00002 0.00000 
2382165 0 0 0 0 1 0 
S 0.00000 0.00000 0.00000 0.00000 0.00136 0.00000 
S 0.00000 0.00000 0.00000 0.00000 0.00002 0.00000 
443144 0 0 0 0 1 0 
S 0.00000 0.00000 0.00000 0.00000 0.00002 0.00000 
clade 880535 0 0 0 0 4 0 
S 0.00000 0.00000 0.00000 0.00000 0.00012 0.00000 
1930275 0 0 0 0 1 0 
S 0.00000 0.00000 0.00000 0.00000 0.00005 0.00000 
S 0.00000 0.00000 0.00000 0.00000 0.00002 0.00000 
2027290 0 0 0 0 1 0 
S 0.00000 0.00000 0.00000 0.00000 0.00023 0.00000 
S 0.00000 0.00000 0.00000 0.00000 0.00009 0.00000 
S 0.00000 0.00000 0.00000 0.00000 0.00016 0.00000 
S 0.00000 0.00000 0.00000 0.00000 0.00002 0.00000 
7428 S 0.00000 0.00000 0.00000 0.00000 0.00002 0.00000 
S 0.00000 0.00000 0.00000 0.00000 0.00005 0.00000 
S 0.00000 0.00000 0.00000 0.00000 0.00002 0.00000 
S 0.00000 0.00000 0.00000 0.00000 0.00538 0.00000 
7407 S 0.00000 0.00000 0.00000 0.00000 0.00007 0.00000 
S 0.00000 0.00000 0.00000 0.00000 0.00002 0.00000 
S 0.00000 0.00000 0.00000 0.00000 0.00228 0.00000 
S 0.00000 0.00000 0.00000 0.00000 0.00005 0.00000 
S 0.00000 0.00000 0.00000 0.00000 0.00005 0.00000 
S 0.00000 0.00000 0.00000 0.00000 0.08938 0.00000 
S 0.00000 0.00000 0.00000 0.00000 0.00002 0.00000 
2651334 0 0 0 0 18 0 
S 0.00000 0.00000 0.00000 0.00000 0.00007 0.00000 
S 0.00000 0.00000 0.00000 0.00000 0.00002 0.00000 
S 0.00000 0.00000 0.00000 0.00000 0.00002 0.00000 
S 0.00000 0.00000 0.00000 0.00000 0.00012 0.00000 
S 0.00000 0.00000 0.00000 0.00000 0.00009 0.00000 
S 0.00000 0.00000 0.00000 0.00000 0.00002 0.00000 
2478552 0 0 0 0 1 0 
S 0.00000 0.00000 0.00000 0.00000 0.00070 0.00000 
702967 0 0 0 0 4 0 
S 0.00000 0.00000 0.00000 0.00000 0.00002 0.00000 
S 0.00000 0.00000 0.00000 0.00000 0.00002 0.00000 
S 0.00000 0.00000 0.00000 0.00000 0.00005 0.00000 
S 0.00000 0.00000 0.00000 0.00000 0.00002 0.00000 
S 0.00000 0.00000 0.00000 0.00000 0.00002 0.00000 
2614693 0 0 0 0 1 0 
2559074 0 0 0 0 2 0 
S 0.00000 0.00000 0.00000 0.00000 0.00002 0.00000 
2698900 0 0 0 0 2 0 
S 0.00000 0.00000 0.00000 0.00000 0.00005 0.00000 
S 0.00000 0.00000 0.00000 0.00000 0.00007 0.00000 
S 0.00000 0.00000 0.00000 0.00000 0.00002 0.00000 
S 0.00000 0.00000 0.00000 0.00000 0.00009 0.00000 
S 0.00000 0.00000 0.00000 0.00000 0.00002 0.00000 
S 0.00000 0.00000 0.00000 0.00000 0.00002 0.00000 
S 0.00000 0.00000 0.00000 0.00000 0.00002 0.00000 
S 0.00000 0.00000 0.00000 0.00000 0.00002 0.00000 
1936080 0 0 0 0 1 0 
S 0.00000 0.00000 0.00000 0.00000 0.00002 0.00000 
S 0.00000 0.00000 0.00000 0.00000 0.00021 0.00000 
S 0.00000 0.00000 0.00000 0.00000 0.00005 0.00000 
S 0.00000 0.00000 0.00000 0.00000 0.00002 0.00000 
S 0.00000 0.00000 0.00000 0.00000 0.00002 0.00000 
S 0.00000 0.00000 0.00000 0.00000 0.00005 0.00000 
S 0.00000 0.00000 0.00000 0.00000 0.00002 0.00000 
S 0.00000 0.00000 0.00000 0.00000 0.00016 0.00000 
S 0.00000 0.00000 0.00000 0.00000 0.00002 0.00000 
S 0.00000 0.00000 0.00000 0.00000 0.00002 0.00000 
S 0.00000 0.00000 0.00000 0.00000 0.00005 0.00000 
S 0.00000 0.00000 0.00000 0.00000 0.00016 0.00000 
S 0.00000 0.00000 0.00000 0.00000 0.00005 0.00000 
S 0.00000 0.00000 0.00000 0.00000 0.00002 0.00000 
S 0.00000 0.00000 0.00000 0.00000 0.00002 0.00000 
S 0.00000 0.00000 0.00000 0.00000 0.00002 0.00000 
S 0.00000 0.00000 0.00000 0.00000 0.00002 0.00000 
2695266 0 0 0 0 1 0 
1749259 0 0 0 0 1 0 
2585717 0 0 0 0 2 0 
S 0.00000 0.00000 0.00000 0.00000 0.00002 0.00000 
745310 0 0 0 0 211 0 
S 0.00000 0.00000 0.00000 0.00000 0.00002 0.00000 
pentastirinorum S 0.00000 0.00000 0.00000 0.00000 0.00005 0.00000 
S 0.00000 0.00000 0.00000 0.00000 0.00002 0.00000 
S 0.00000 0.00000 0.00000 0.00000 0.00031 0.00000 
S 0.00000 0.00000 0.00000 0.00000 0.00009 0.00000 
S 0.00000 0.00000 0.00000 0.00000 0.00002 0.00000 
Heteropsylla 134287 0 0 0 0 1 0 
S 0.00000 0.00000 0.00000 0.00000 0.00002 0.00000 
S 0.00000 0.00000 0.00000 0.00000 0.00002 0.00000 
2681766 0 0 0 0 4 0 
S 0.00000 0.00000 0.00000 0.00000 0.00002 0.00000 
2478663 0 0 0 0 1 0 
15 S 0.00000 0.00000 0.00000 0.00000 0.00002 0.00000 
S 0.00000 0.00000 0.00000 0.00000 0.00026 0.00000 
2185142 0 0 0 0 1 0 
1652545 0 0 0 0 1 0 
S 0.00000 0.00000 0.00000 0.00000 0.00226 0.00000 
S 0.00000 0.00000 0.00000 0.00000 0.00005 0.00000 
S 0.00000 0.00000 0.00000 0.00000 0.00014 0.00000 
S 0.00000 0.00000 0.00000 0.00000 0.00002 0.00000 
S 0.00000 0.00000 0.00000 0.00000 0.00002 0.00000 
S 0.00000 0.00000 0.00000 0.00000 0.00002 0.00000 
S 0.00000 0.00000 0.00000 0.00000 0.00005 0.00000 
S 0.00000 0.00000 0.00000 0.00000 0.00002 0.00000 
S 0.00000 0.00000 0.00000 0.00000 0.00002 0.00000 
944547 0 0 0 0 1 0 
S 0.00000 0.00000 0.00000 0.00000 0.00002 0.00000 
S 0.00000 0.00000 0.00000 0.00000 0.00002 0.00000 
754397 0 0 0 0 2 0 
S 0.00000 0.00000 0.00000 0.00000 0.00016 0.00000 
S 0.00000 0.00000 0.00000 0.00000 0.00002 0.00000 
S 0.00000 0.00000 0.00000 0.00000 0.00005 0.00000 
S 0.00000 0.00000 0.00000 0.00000 0.00014 0.00000 
S 0.00000 0.00000 0.00000 0.00000 0.00023 0.00000 
2109692 0 0 0 0 1 0 
S 0.00000 0.00000 0.00000 0.00000 0.00007 0.00000 
S 0.00000 0.00000 0.00000 0.00000 0.00002 0.00000 
051011 S 0.00000 0.00000 0.00000 0.00000 0.00002 0.00000 
S 0.00000 0.00000 0.00000 0.00000 0.00005 0.00000 
S 0.00000 0.00000 0.00000 0.00000 0.00019 0.00000 
947515 0 0 0 0 1 0 
S 0.00000 0.00000 0.00000 0.00000 0.00002 0.00000 
S 0.00000 0.00000 0.00000 0.00000 0.00002 0.00000 
33724 0 0 0 0 1 0 
1257021 0 0 0 0 5 0 
2584466 0 0 0 0 1 0 
S 0.00000 0.00000 0.00000 0.00000 0.00002 0.00000 
S 0.00000 0.00000 0.00000 0.00000 0.00016 0.00000 
S 0.00000 0.00000 0.00000 0.00000 0.00005 0.00000 
1179672 0 0 0 0 1 0 
S 0.00000 0.00000 0.00000 0.00000 0.00002 0.00000 
S 0.00000 0.00000 0.00000 0.00000 0.00012 0.00000 
2319844 0 0 0 0 2 0 
S 0.00000 0.00000 0.00000 0.00000 0.00002 0.00000 
285 S 0.00000 0.00000 0.00000 0.00000 0.00002 0.00000 
1442032 0 0 0 0 1 0 
S 0.00000 0.00000 0.00000 0.00000 0.00002 0.00000 
1882747 0 0 0 0 7 0 
S 0.00000 0.00000 0.00000 0.00000 0.00002 0.00000 
2024580 0 0 0 0 1 0 
S 0.00000 0.00000 0.00000 0.00000 0.00002 0.00000 
S 0.00000 0.00000 0.00000 0.00000 0.00002 0.00000 
S 0.00000 0.00000 0.00000 0.00000 0.00002 0.00000 
1042156 0 0 0 0 1 0 
S 0.00000 0.00000 0.00000 0.00000 0.00042 0.00000 
S 0.00000 0.00000 0.00000 0.00000 0.00040 0.00000 
S 0.00000 0.00000 0.00000 0.00000 0.00023 0.00000 
of (Hedomyrma) 1505596 0 0 0 0 2 0 
S 0.00000 0.00000 0.00000 0.00000 0.00005 0.00000 
2487344 0 0 0 0 1 0 
1390395 0 0 0 0 155 0 
S 0.00000 0.00000 0.00000 0.00000 0.00009 0.00000 
taxon 1705617 0 0 0 0 1 0 
R5-0912 S 0.00000 0.00000 0.00000 0.00000 0.00002 0.00000 
21233 S 0.00000 0.00000 0.00000 0.00000 0.00002 0.00000 
S 0.00000 0.00000 0.00000 0.00000 0.00002 0.00000 
S 0.00000 0.00000 0.00000 0.00000 0.00002 0.00000 
S 0.00000 0.00000 0.00000 0.00000 0.00012 0.00000 
S 0.00000 0.00000 0.00000 0.00000 0.00002 0.00000 
S 0.00000 0.00000 0.00000 0.00000 0.00040 0.00000 
S 0.00000 0.00000 0.00000 0.00000 0.00002 0.00000 
313590 0 0 0 0 2 0 
S 0.00000 0.00000 0.00000 0.00000 0.00002 0.00000 
S 0.00000 0.00000 0.00000 0.00000 0.00002 0.00000 
2527983 0 0 0 0 1 0 
S 0.00000 0.00000 0.00000 0.00000 0.00002 0.00000 
S 0.00000 0.00000 0.00000 0.00000 0.00002 0.00000 
S 0.00000 0.00000 0.00000 0.00000 0.00002 0.00000 
S 0.00000 0.00000 0.00000 0.00000 0.00009 0.00000 
S 0.00000 0.00000 0.00000 0.00000 0.00007 0.00000 
1702170 0 0 0 0 3 0 
S 0.00000 0.00000 0.00000 0.00000 0.00002 0.00000 
ectocarpi S 0.00000 0.00000 0.00000 0.00000 0.00002 0.00000 
S 0.00000 0.00000 0.00000 0.00000 0.00002 0.00000 
1926494 0 0 0 0 8 0 
S 0.00000 0.00000 0.00000 0.00000 0.00002 0.00000 
S 0.00000 0.00000 0.00000 0.00000 0.00005 0.00000 
S 0.00000 0.00000 0.00000 0.00000 0.00395 0.00000 
S 0.00000 0.00000 0.00000 0.00000 0.00005 0.00000 
S 0.00000 0.00000 0.00000 0.00000 0.00002 0.00000 
2583851 0 0 0 0 1 0 
S 0.00000 0.00000 0.00000 0.00000 0.00005 0.00000 
S 0.00000 0.00000 0.00000 0.00000 0.00056 0.00000 
484770 0 0 0 0 1 0 
et 2013 S 0.00000 0.00000 0.00000 0.00000 0.00324 0.00000 
S 0.00000 0.00000 0.00000 0.00000 0.00002 0.00000 
S 0.00000 0.00000 0.00000 0.00000 0.00005 0.00000 
S 0.00000 0.00000 0.00000 0.00000 0.00002 0.00000 
S 0.00000 0.00000 0.00000 0.00000 0.00002 0.00000 
S 0.00000 0.00000 0.00000 0.00000 0.00007 0.00000 
S 0.00000 0.00000 0.00000 0.00000 0.00002 0.00000 
S 0.00000 0.00000 0.00000 0.00000 0.00047 0.00000 
S 0.00000 0.00000 0.00000 0.00000 0.00005 0.00000 
S 0.00000 0.00000 0.00000 0.00000 0.00009 0.00000 
S 0.00000 0.00000 0.00000 0.00000 0.00021 0.00000 
S 0.00000 0.00000 0.00000 0.00000 0.00005 0.00000 
2014534 0 0 0 0 1 0 
S 0.00000 0.00000 0.00000 0.00000 0.00007 0.00000 
S 0.00000 0.00000 0.00000 0.00000 0.00009 0.00000 
S 0.00000 0.00000 0.00000 0.00000 0.00007 0.00000 
S 0.00000 0.00000 0.00000 0.00000 0.00023 0.00000 
S 0.00000 0.00000 0.00000 0.00000 0.00005 0.00000 
S 0.00000 0.00000 0.00000 0.00000 0.00005 0.00000 
391036 0 0 0 0 2 0 
S 0.00000 0.00000 0.00000 0.00000 0.00002 0.00000 
S 0.00000 0.00000 0.00000 0.00000 0.00005 0.00000 
S 0.00000 0.00000 0.00000 0.00000 0.00002 0.00000 
1911684 0 0 0 0 1 0 
1658665 0 0 0 0 2 0 
S 0.00000 0.00000 0.00000 0.00000 0.00012 0.00000 
2584122 0 0 0 0 4 0 
S 0.00000 0.00000 0.00000 0.00000 0.00005 0.00000 
S 0.00000 0.00000 0.00000 0.00000 0.00002 0.00000 
S 0.00000 0.00000 0.00000 0.00000 0.00002 0.00000 
S 0.00000 0.00000 0.00000 0.00000 0.00002 0.00000 
S 0.00000 0.00000 0.00000 0.00000 0.00002 0.00000 
S 0.00000 0.00000 0.00000 0.00000 0.00002 0.00000 
muelleri S 0.00000 0.00000 0.00000 0.00000 0.00009 0.00000 
S 0.00000 0.00000 0.00000 0.00000 0.00026 0.00000 
S 0.00000 0.00000 0.00000 0.00000 0.00016 0.00000 
543913 0 0 0 0 1 0 
S 0.00000 0.00000 0.00000 0.00000 0.00002 0.00000 
S 0.00000 0.00000 0.00000 0.00000 0.00002 0.00000 
3032 S 0.00000 0.00000 0.00000 0.00000 0.00108 0.00000 
S 0.00000 0.00000 0.00000 0.00000 0.00023 0.00000 
S 0.00000 0.00000 0.00000 0.00000 0.00002 0.00000 
S 0.00000 0.00000 0.00000 0.00000 0.00002 0.00000 
S 0.00000 0.00000 0.00000 0.00000 0.00002 0.00000 
1913578 0 0 0 0 2 0 
2590022 0 0 0 0 1 0 
S 0.00000 0.00000 0.00000 0.00000 0.00002 0.00000 
darwiniensis) S 0.00000 0.00000 0.00000 0.00000 0.00007 0.00000 
S 0.00000 0.00000 0.00000 0.00000 0.00002 0.00000 
S 0.00000 0.00000 0.00000 0.00000 0.00035 0.00000 
S 0.00000 0.00000 0.00000 0.00000 0.00005 0.00000 
S 0.00000 0.00000 0.00000 0.00000 0.00002 0.00000 
S 0.00000 0.00000 0.00000 0.00000 0.00002 0.00000 
2014742 0 0 0 0 1 0 
S 0.00000 0.00000 0.00000 0.00000 0.00075 0.00000 
S 0.00000 0.00000 0.00000 0.00000 0.00007 0.00000 
S 0.00000 0.00000 0.00000 0.00000 0.00002 0.00000 
2605945 0 0 0 0 2 0 
S 0.00000 0.00000 0.00000 0.00000 0.00007 0.00000 
2054173 0 0 0 0 1 0 
S 0.00000 0.00000 0.00000 0.00000 0.00005 0.00000 
S 0.00000 0.00000 0.00000 0.00000 0.00002 0.00000 
S 0.00000 0.00000 0.00000 0.00000 0.00002 0.00000 
2565554 0 0 0 0 10 0 
S 0.00000 0.00000 0.00000 0.00000 0.00002 0.00000 
S 0.00000 0.00000 0.00000 0.00000 0.00002 0.00000 
S 0.00000 0.00000 0.00000 0.00000 0.00002 0.00000 
S 0.00000 0.00000 0.00000 0.00000 0.00009 0.00000 
S 0.00000 0.00000 0.00000 0.00000 0.00005 0.00000 
2015076 0 0 0 0 1 0 
1295642 0 0 0 0 2 0 
1545702 0 0 0 0 1 0 
S 0.00000 0.00000 0.00000 0.00000 0.00002 0.00000 
1336804 0 0 0 0 1 0 
7 S 0.00000 0.00000 0.00000 0.00000 0.00016 0.00000 
S 0.00000 0.00000 0.00000 0.00000 0.00002 0.00000 
2482728 0 0 0 0 1 0 
S 0.00000 0.00000 0.00000 0.00000 0.00002 0.00000 
S 0.00000 0.00000 0.00000 0.00000 0.00005 0.00000 
S 0.00000 0.00000 0.00000 0.00000 0.00002 0.00000 
S 0.00000 0.00000 0.00000 0.00000 0.00016 0.00000 
1528098 0 0 0 0 2 0 
S 0.00000 0.00000 0.00000 0.00000 0.00002 0.00000 
S 0.00000 0.00000 0.00000 0.00000 0.00002 0.00000 
S 0.00000 0.00000 0.00000 0.00000 0.00005 0.00000 
1620392 0 0 0 0 1 0 
S 0.00000 0.00000 0.00000 0.00000 0.00012 0.00000 
S 0.00000 0.00000 0.00000 0.00000 0.00014 0.00000 
S 0.00000 0.00000 0.00000 0.00000 0.00012 0.00000 
2487064 0 0 0 0 1 0 
S 0.00000 0.00000 0.00000 0.00000 0.00002 0.00000 
sp. 1977864 0 0 0 0 2 0 
S 0.00000 0.00000 0.00000 0.00000 0.00002 0.00000 
2305987 0 0 0 0 6 0 
S 0.00000 0.00000 0.00000 0.00000 0.00023 0.00000 
S 0.00000 0.00000 0.00000 0.00000 0.00359 0.00000 
S 0.00000 0.00000 0.00000 0.00000 0.00023 0.00000 
S 0.00000 0.00000 0.00000 0.00000 0.00009 0.00000 
S 0.00000 0.00000 0.00000 0.00000 0.00005 0.00000 
S 0.00000 0.00000 0.00000 0.00000 0.00005 0.00000 
S 0.00000 0.00000 0.00000 0.00000 0.00005 0.00000 
S 0.00000 0.00000 0.00000 0.00000 0.00002 0.00000 
2005458 0 0 0 0 2 0 
S 0.00000 0.00000 0.00000 0.00000 0.00005 0.00000 
S 0.00000 0.00000 0.00000 0.00000 0.00002 0.00000 
faulkneri S 0.00000 0.00000 0.00000 0.00000 0.00002 0.00000 
S 0.00000 0.00000 0.00000 0.00000 0.00009 0.00000 
S 0.00000 0.00000 0.00000 0.00000 0.00019 0.00000 
S 0.00000 0.00000 0.00000 0.00000 0.00002 0.00000 
S 0.00000 0.00000 0.00000 0.00000 0.00005 0.00000 
1938841 0 0 0 0 1 0 
S 0.00000 0.00000 0.00000 0.00000 0.00023 0.00000 
935222 0 0 0 0 1 0 
S 0.00000 0.00000 0.00000 0.00000 0.00005 0.00000 
670956 0 0 0 0 1 0 
S 0.00000 0.00000 0.00000 0.00000 0.00070 0.00000 
S 0.00000 0.00000 0.00000 0.00000 0.00002 0.00000 
1855352 0 0 0 0 1 0 
2686358 0 0 0 0 1 0 
S 0.00000 0.00000 0.00000 0.00000 0.00002 0.00000 
2493668 0 0 0 0 2 0 
S 0.00000 0.00000 0.00000 0.00000 0.00009 0.00000 
S 0.00000 0.00000 0.00000 0.00000 0.00002 0.00000 
S 0.00000 0.00000 0.00000 0.00000 0.00005 0.00000 
Folsomia 169402 0 0 0 0 1 0 
S 0.00000 0.00000 0.00000 0.00000 0.00014 0.00000 
S 0.00000 0.00000 0.00000 0.00000 0.00002 0.00000 
6714 S 0.00000 0.00000 0.00000 0.00000 0.00002 0.00000 
S 0.00000 0.00000 0.00000 0.00000 0.00002 0.00000 
S 0.00000 0.00000 0.00000 0.00000 0.00009 0.00000 
S 0.00000 0.00000 0.00000 0.00000 0.00016 0.00000 
S 0.00000 0.00000 0.00000 0.00000 0.00150 0.00000 
S 0.00000 0.00000 0.00000 0.00000 0.00002 0.00000 
S 0.00000 0.00000 0.00000 0.00000 0.00002 0.00000 
2565555 0 0 0 0 3 0 
2094025 0 0 0 0 1 0 
S 0.00000 0.00000 0.00000 0.00000 0.00002 0.00000 
S 0.00000 0.00000 0.00000 0.00000 0.00005 0.00000 
2704465 0 0 0 0 5 0 
S 0.00000 0.00000 0.00000 0.00000 0.00002 0.00000 
1850906 0 0 0 0 1 0 
S 0.00000 0.00000 0.00000 0.00000 0.00047 0.00000 
S 0.00000 0.00000 0.00000 0.00000 0.00007 0.00000 
S 0.00000 0.00000 0.00000 0.00000 0.00002 0.00000 
313603 0 0 0 0 3 0 
216963 0 0 0 0 4 0 
S 0.00000 0.00000 0.00000 0.00000 0.00002 0.00000 
S 0.00000 0.00000 0.00000 0.00000 0.00005 0.00000 
S 0.00000 0.00000 0.00000 0.00000 0.00016 0.00000 
S 0.00000 0.00000 0.00000 0.00000 0.00002 0.00000 
S 0.00000 0.00000 0.00000 0.00000 0.00005 0.00000 
S 0.00000 0.00000 0.00000 0.00000 0.00005 0.00000 
S 0.00000 0.00000 0.00000 0.00000 0.00221 0.00000 
S 0.00000 0.00000 0.00000 0.00000 0.00002 0.00000 
1850374 0 0 0 0 1 0 
S 0.00000 0.00000 0.00000 0.00000 0.00002 0.00000 
S 0.00000 0.00000 0.00000 0.00000 0.00002 0.00000 
S 0.00000 0.00000 0.00000 0.00000 0.00005 0.00000 
2527978 0 0 0 0 19 0 
S 0.00000 0.00000 0.00000 0.00000 0.00002 0.00000 
S 0.00000 0.00000 0.00000 0.00000 0.01980 0.00000 
S 0.00000 0.00000 0.00000 0.00000 0.00007 0.00000 
S 0.00000 0.00000 0.00000 0.00000 0.00005 0.00000 
S 0.00000 0.00000 0.00000 0.00000 0.00005 0.00000 
1608957 0 0 0 0 1 0 
S 0.00000 0.00000 0.00000 0.00000 0.00019 0.00000 
S 0.00000 0.00000 0.00000 0.00000 0.00002 0.00000 
S 0.00000 0.00000 0.00000 0.00000 0.00014 0.00000 
S 0.00000 0.00000 0.00000 0.00000 0.00005 0.00000 
S 0.00000 0.00000 0.00000 0.00000 0.00002 0.00000 
2058625 0 0 0 0 1 0 
S 0.00000 0.00000 0.00000 0.00000 0.00028 0.00000 
556287 0 0 0 0 3 0 
S 0.00000 0.00000 0.00000 0.00000 0.00002 0.00000 
S 0.00000 0.00000 0.00000 0.00000 0.00007 0.00000 
S 0.00000 0.00000 0.00000 0.00000 0.00002 0.00000 
S 0.00000 0.00000 0.00000 0.00000 0.00002 0.00000 
S 0.00000 0.00000 0.00000 0.00000 0.00002 0.00000 
S 0.00000 0.00000 0.00000 0.00000 0.00005 0.00000 
S 0.00000 0.00000 0.00000 0.00000 0.00002 0.00000 
S 0.00000 0.00000 0.00000 0.00000 0.00014 0.00000 
S 0.00000 0.00000 0.00000 0.00000 0.00002 0.00000 
S 0.00000 0.00000 0.00000 0.00000 0.00005 0.00000 
S 0.00000 0.00000 0.00000 0.00000 0.00033 0.00000 
Paracaedibacter 91604 0 0 0 0 1 0 
S 0.00000 0.00000 0.00000 0.00000 0.00002 0.00000 
S 0.00000 0.00000 0.00000 0.00000 0.00188 0.00000 
S 0.00000 0.00000 0.00000 0.00000 0.00002 0.00000 
S 0.00000 0.00000 0.00000 0.00000 0.00002 0.00000 
S 0.00000 0.00000 0.00000 0.00000 0.00002 0.00000 
S 0.00000 0.00000 0.00000 0.00000 0.00002 0.00000 
S 0.00000 0.00000 0.00000 0.00000 0.00002 0.00000 
S 0.00000 0.00000 0.00000 0.00000 0.00007 0.00000 
S 0.00000 0.00000 0.00000 0.00000 0.00002 0.00000 
21507 S 0.00000 0.00000 0.00000 0.00000 0.00007 0.00000 
LC1Nh S 0.00000 0.00000 0.00000 0.00000 0.00002 0.00000 
S 0.00000 0.00000 0.00000 0.00000 0.00002 0.00000 
S 0.00000 0.00000 0.00000 0.00000 0.00002 0.00000 
S 0.00000 0.00000 0.00000 0.00000 0.00002 0.00000 
S 0.00000 0.00000 0.00000 0.00000 0.00012 0.00000 
1634516 0 0 0 0 3 0 
virus S 0.00000 0.00000 0.00000 0.00000 0.00002 0.00000 
postfasciatus S 0.00000 0.00000 0.00000 0.00000 0.00002 0.00000 
2609668 0 0 0 0 1 0 
S 0.00000 0.00000 0.00000 0.00000 0.00002 0.00000 
S 0.00000 0.00000 0.00000 0.00000 0.00002 0.00000 
7107 S 0.00000 0.00000 0.00000 0.00000 0.00002 0.00000 
S 0.00000 0.00000 0.00000 0.00000 0.00005 0.00000 
804 S 0.00000 0.00000 0.00000 0.00000 0.00012 0.00000 
1882757 0 0 0 0 2 0 
S 0.00000 0.00000 0.00000 0.00000 0.00078 0.00000 
S 0.00000 0.00000 0.00000 0.00000 0.00002 0.00000 
671990 0 0 0 0 1 0 
S 0.00000 0.00000 0.00000 0.00000 0.00002 0.00000 
bacterium 2056494 0 0 0 0 74 0 
S 0.00000 0.00000 0.00000 0.00000 0.00002 0.00000 
S 0.00000 0.00000 0.00000 0.00000 0.00002 0.00000 
S 0.00000 0.00000 0.00000 0.00000 0.00005 0.00000 
S 0.00000 0.00000 0.00000 0.00000 0.00007 0.00000 
S 0.00000 0.00000 0.00000 0.00000 0.00002 0.00000 
S 0.00000 0.00000 0.00000 0.00000 0.00002 0.00000 
S 0.00000 0.00000 0.00000 0.00000 0.00012 0.00000 
1223566 0 0 0 0 1 0 
S 0.00000 0.00000 0.00000 0.00000 0.00002 0.00000 
S 0.00000 0.00000 0.00000 0.00000 0.00002 0.00000 
S 0.00000 0.00000 0.00000 0.00000 0.00002 0.00000 
S 0.00000 0.00000 0.00000 0.00000 0.00002 0.00000 
S 0.00000 0.00000 0.00000 0.00000 0.00002 0.00000 
S 0.00000 0.00000 0.00000 0.00000 0.00002 0.00000 
1581011 0 0 0 0 2 0 
S 0.00000 0.00000 0.00000 0.00000 0.00002 0.00000 
S 0.00000 0.00000 0.00000 0.00000 0.00002 0.00000 
S 0.00000 0.00000 0.00000 0.00000 0.00014 0.00000 
S 0.00000 0.00000 0.00000 0.00000 0.00002 0.00000 
S 0.00000 0.00000 0.00000 0.00000 0.00002 0.00000 
S 0.00000 0.00000 0.00000 0.00000 0.00012 0.00000 
S 0.00000 0.00000 0.00000 0.00000 0.00002 0.00000 
S 0.00000 0.00000 0.00000 0.00000 0.00005 0.00000 
S 0.00000 0.00000 0.00000 0.00000 0.00002 0.00000 
S 0.00000 0.00000 0.00000 0.00000 0.00002 0.00000 
S 0.00000 0.00000 0.00000 0.00000 0.00002 0.00000 
S 0.00000 0.00000 0.00000 0.00000 0.00002 0.00000 
S 0.00000 0.00000 0.00000 0.00000 0.00002 0.00000 
S 0.00000 0.00000 0.00000 0.00000 0.00002 0.00000 
S 0.00000 0.00000 0.00000 0.00000 0.00002 0.00000 
S 0.00000 0.00000 0.00000 0.00000 0.00002 0.00000 
58843 S 0.00000 0.00000 0.00000 0.00000 0.00099 0.00000 
S 0.00000 0.00000 0.00000 0.00000 0.00002 0.00000 
2711215 0 0 0 0 32 0 
2713573 0 0 0 0 1 0 
2487071 0 0 0 0 3 0 
2528007 0 0 0 0 1 0 
Aminipila butyrica S 0.00000 0.00000 0.00000 0.00000 0.00002 0.00000 
S 0.00000 0.00000 0.00000 0.00000 0.00052 0.00000 
S 0.00000 0.00000 0.00000 0.00000 0.00075 0.00000 
S 0.00000 0.00000 0.00000 0.00000 0.00002 0.00000 
S 0.00000 0.00000 0.00000 0.00000 0.00002 0.00000 
muelleri S 0.00000 0.00000 0.00000 0.00000 0.00002 0.00000 
S 0.00000 0.00000 0.00000 0.00000 0.00031 0.00000 
1608628 0 0 0 0 1 0 
S 0.00000 0.00000 0.00000 0.00000 0.00009 0.00000 
S 0.00000 0.00000 0.00000 0.00000 0.00002 0.00000 
S 0.00000 0.00000 0.00000 0.00000 0.00338 0.00000 
S 0.00000 0.00000 0.00000 0.00000 0.00005 0.00000 
S 0.00000 0.00000 0.00000 0.00000 0.00002 0.00000 
S 0.00000 0.00000 0.00000 0.00000 0.00005 0.00000 
S 0.00000 0.00000 0.00000 0.00000 0.00007 0.00000 
S 0.00000 0.00000 0.00000 0.00000 0.00031 0.00000 
S 0.00000 0.00000 0.00000 0.00000 0.00014 0.00000 
S 0.00000 0.00000 0.00000 0.00000 0.00002 0.00000 
S 0.00000 0.00000 0.00000 0.00000 0.00007 0.00000 
S 0.00000 0.00000 0.00000 0.00000 0.00002 0.00000 
2030797 0 0 0 0 2 0 
1714849 0 0 0 0 1 0 
adelgestsuga S 0.00000 0.00000 0.00000 0.00000 0.00002 0.00000 
07 S 0.00000 0.00000 0.00000 0.00000 0.00059 0.00000 
S 0.00000 0.00000 0.00000 0.00000 0.00002 0.00000 
S 0.00000 0.00000 0.00000 0.00000 0.00002 0.00000 
S 0.00000 0.00000 0.00000 0.00000 0.00002 0.00000 
S 0.00000 0.00000 0.00000 0.00000 0.00002 0.00000 
Aleurodicus 235559 0 0 0 0 1 0 
2681549 0 0 0 0 4 0 
S 0.00000 0.00000 0.00000 0.00000 0.00002 0.00000 
S 0.00000 0.00000 0.00000 0.00000 0.00002 0.00000 
S 0.00000 0.00000 0.00000 0.00000 0.00002 0.00000 
404589 0 0 0 0 1 0 
S 0.00000 0.00000 0.00000 0.00000 0.00005 0.00000 
gill 2360 0 0 0 0 1 0 
S 0.00000 0.00000 0.00000 0.00000 0.00002 0.00000 
2022475 0 0 0 0 1 0 
S 0.00000 0.00000 0.00000 0.00000 0.00153 0.00000 
S 0.00000 0.00000 0.00000 0.00000 0.00002 0.00000 
S 0.00000 0.00000 0.00000 0.00000 0.00002 0.00000 
S 0.00000 0.00000 0.00000 0.00000 0.00005 0.00000 
S 0.00000 0.00000 0.00000 0.00000 0.00002 0.00000 
2172099 0 0 0 0 1 0 
S 0.00000 0.00000 0.00000 0.00000 0.00007 0.00000 
S 0.00000 0.00000 0.00000 0.00000 0.00009 0.00000 
S 0.00000 0.00000 0.00000 0.00000 0.00005 0.00000 
S 0.00000 0.00000 0.00000 0.00000 0.00005 0.00000 
S 0.00000 0.00000 0.00000 0.00000 0.00002 0.00000 
S 0.00000 0.00000 0.00000 0.00000 0.00005 0.00000 
S 0.00000 0.00000 0.00000 0.00000 0.00002 0.00000 
2079535 0 0 0 0 30 0 
1450761 0 0 0 0 2 0 
S 0.00000 0.00000 0.00000 0.00000 0.00002 0.00000 
S 0.00000 0.00000 0.00000 0.00000 0.00002 0.00000 
2580412 0 0 0 0 2 0 
S 0.00000 0.00000 0.00000 0.00000 0.00002 0.00000 
0315A S 0.00000 0.00000 0.00000 0.00000 0.00005 0.00000 
2268026 0 0 0 0 1 0 
S 0.00000 0.00000 0.00000 0.00000 0.00054 0.00000 
S 0.00000 0.00000 0.00000 0.00000 0.00012 0.00000 
S 0.00000 0.00000 0.00000 0.00000 0.00023 0.00000 
1892855 0 0 0 0 2 0 
S 0.00000 0.00000 0.00000 0.00000 0.00002 0.00000 
S 0.00000 0.00000 0.00000 0.00000 0.00002 0.00000 
S 0.00000 0.00000 0.00000 0.00000 0.00002 0.00000 
S 0.00000 0.00000 0.00000 0.00000 0.00016 0.00000 
2571749 0 0 0 0 5 0 
2571748 0 0 0 0 2 0 
S 0.00000 0.00000 0.00000 0.00000 0.00033 0.00000 
S 0.00000 0.00000 0.00000 0.00000 0.00007 0.00000 
S 0.00000 0.00000 0.00000 0.00000 0.00002 0.00000 
1636720 0 0 0 0 1 0 
S 0.00000 0.00000 0.00000 0.00000 0.00002 0.00000 
S 0.00000 0.00000 0.00000 0.00000 0.00002 0.00000 
taxon 712368 0 0 0 0 1 0 
S 0.00000 0.00000 0.00000 0.00000 0.00005 0.00000 
S 0.00000 0.00000 0.00000 0.00000 0.00042 0.00000 
11320 0 0 0 0 2 0 
S 0.00000 0.00000 0.00000 0.00000 0.00002 0.00000 
2567941 0 0 0 0 1 0 
S 0.00000 0.00000 0.00000 0.00000 0.00005 0.00000 
S 0.00000 0.00000 0.00000 0.00000 0.00005 0.00000 
S 0.00000 0.00000 0.00000 0.00000 0.00005 0.00000 
S 0.00000 0.00000 0.00000 0.00000 0.00012 0.00000 
S 0.00000 0.00000 0.00000 0.00000 0.00005 0.00000 
S 0.00000 0.00000 0.00000 0.00000 0.00007 0.00000 
S 0.00000 0.00000 0.00000 0.00000 0.00002 0.00000 
S 0.00000 0.00000 0.00000 0.00000 0.00002 0.00000 
S 0.00000 0.00000 0.00000 0.00000 0.00002 0.00000 
S 0.00000 0.00000 0.00000 0.00000 0.00005 0.00000 
S 0.00000 0.00000 0.00000 0.00000 0.00016 0.00000 
2479546 0 0 0 0 2 0 
S 0.00000 0.00000 0.00000 0.00000 0.00005 0.00000 
S 0.00000 0.00000 0.00000 0.00000 0.00002 0.00000 
S 0.00000 0.00000 0.00000 0.00000 0.00009 0.00000 
S 0.00000 0.00000 0.00000 0.00000 0.00002 0.00000 
S 0.00000 0.00000 0.00000 0.00000 0.00005 0.00000 
1084719 0 0 0 0 1 0 
S 0.00000 0.00000 0.00000 0.00000 0.00002 0.00000 
S 0.00000 0.00000 0.00000 0.00000 0.00052 0.00000 
S 0.00000 0.00000 0.00000 0.00000 0.00002 0.00000 
1007105 0 0 0 0 5 0 
S 0.00000 0.00000 0.00000 0.00000 0.00002 0.00000 
1718600 0 0 0 0 1 0 
sp. 1002672 0 0 0 0 1 0 
S 0.00000 0.00000 0.00000 0.00000 0.00014 0.00000 
309868 0 0 0 0 1 0 
S 0.00000 0.00000 0.00000 0.00000 0.00038 0.00000 
S 0.00000 0.00000 0.00000 0.00000 0.00002 0.00000 
S 0.00000 0.00000 0.00000 0.00000 0.00002 0.00000 
S 0.00000 0.00000 0.00000 0.00000 0.00002 0.00000 
S 0.00000 0.00000 0.00000 0.00000 0.00002 0.00000 
1869241 0 0 0 0 1 0 
S 0.00000 0.00000 0.00000 0.00000 0.00002 0.00000 
S 0.00000 0.00000 0.00000 0.00000 0.00002 0.00000 
S 0.00000 0.00000 0.00000 0.00000 0.00019 0.00000 
AL1 S 0.00000 0.00000 0.00000 0.00000 0.00002 0.00000 
2493093 0 0 0 0 11 0 
S 0.00000 0.00000 0.00000 0.00000 0.00005 0.00000 
S 0.00000 0.00000 0.00000 0.00000 0.00005 0.00000 
S 0.00000 0.00000 0.00000 0.00000 0.00002 0.00000 
S 0.00000 0.00000 0.00000 0.00000 0.00002 0.00000 
S 0.00000 0.00000 0.00000 0.00000 0.00002 0.00000 
1312072 0 0 0 0 1 0 
S 0.00000 0.00000 0.00000 0.00000 0.00007 0.00000 
S 0.00000 0.00000 0.00000 0.00000 0.00007 0.00000 
1985304 0 0 0 0 1 0 
S 0.00000 0.00000 0.00000 0.00000 0.00002 0.00000 
S 0.00000 0.00000 0.00000 0.00000 0.00002 0.00000 
2126321 0 0 0 0 1 0 
002 S 0.00000 0.00000 0.00000 0.00000 0.00002 0.00000 
S 0.00000 0.00000 0.00000 0.00000 0.00002 0.00000 
S 0.00000 0.00000 0.00000 0.00000 0.00016 0.00000 
S 0.00000 0.00000 0.00000 0.00000 0.00002 0.00000 
2587862 0 0 0 0 1 0 
2591108 0 0 0 0 1 0 
S 0.00000 0.00000 0.00000 0.00000 0.00002 0.00000 
S 0.00000 0.00000 0.00000 0.00000 0.00012 0.00000 
S 0.00000 0.00000 0.00000 0.00000 0.00002 0.00000 
S 0.00000 0.00000 0.00000 0.00000 0.00002 0.00000 
S 0.00000 0.00000 0.00000 0.00000 0.00002 0.00000 
S 0.00000 0.00000 0.00000 0.00000 0.00002 0.00000 
1547445 0 0 0 0 1 0 
S 0.00000 0.00000 0.00000 0.00000 0.00016 0.00000 
1954171 0 0 0 0 2 0 
S 0.00000 0.00000 0.00000 0.00000 0.00096 0.00000 
S 0.00000 0.00000 0.00000 0.00000 0.00002 0.00000 
S 0.00000 0.00000 0.00000 0.00000 0.00002 0.00000 
S 0.00000 0.00000 0.00000 0.00000 0.00002 0.00000 
S 0.00000 0.00000 0.00000 0.00000 0.00016 0.00000 
S 0.00000 0.00000 0.00000 0.00000 0.00002 0.00000 
S 0.00000 0.00000 0.00000 0.00000 0.00002 0.00000 
armatura S 0.00000 0.00000 0.00000 0.00000 0.00002 0.00000 
S 0.00000 0.00000 0.00000 0.00000 0.00002 0.00000 
2527963 0 0 0 0 1 0 
S 0.00000 0.00000 0.00000 0.00000 0.00002 0.00000 
S 0.00000 0.00000 0.00000 0.00000 0.00002 0.00000 
S 0.00000 0.00000 0.00000 0.00000 0.00005 0.00000 
S 0.00000 0.00000 0.00000 0.00000 0.00002 0.00000 
S 0.00000 0.00000 0.00000 0.00000 0.00002 0.00000 
S 0.00000 0.00000 0.00000 0.00000 0.00002 0.00000 
S 0.00000 0.00000 0.00000 0.00000 0.00005 0.00000 
S 0.00000 0.00000 0.00000 0.00000 0.00009 0.00000 
S 0.00000 0.00000 0.00000 0.00000 0.00019 0.00000 
1752063 0 0 0 0 1 0 
S 0.00000 0.00000 0.00000 0.00000 0.00026 0.00000 
abundans S 0.00000 0.00000 0.00000 0.00000 0.00002 0.00000 
2590777 0 0 0 0 6 0 
2590776 0 0 0 0 1 0 
S 0.00000 0.00000 0.00000 0.00000 0.00007 0.00000 
S 0.00000 0.00000 0.00000 0.00000 0.00002 0.00000 
S 0.00000 0.00000 0.00000 0.00000 0.00026 0.00000 
S 0.00000 0.00000 0.00000 0.00000 0.00002 0.00000 
S 0.00000 0.00000 0.00000 0.00000 0.00005 0.00000 
S 0.00000 0.00000 0.00000 0.00000 0.00141 0.00000 
S 0.00000 0.00000 0.00000 0.00000 0.00002 0.00000 
1564681 0 0 0 0 1 0 
S 0.00000 0.00000 0.00000 0.00000 0.00007 0.00000 
S 0.00000 0.00000 0.00000 0.00000 0.00002 0.00000 
S 0.00000 0.00000 0.00000 0.00000 0.00002 0.00000 
S 0.00000 0.00000 0.00000 0.00000 0.00007 0.00000 
cicadicola S 0.00000 0.00000 0.00000 0.00000 0.00014 0.00000 
S 0.00000 0.00000 0.00000 0.00000 0.00002 0.00000 
S 0.00000 0.00000 0.00000 0.00000 0.00021 0.00000 
S 0.00000 0.00000 0.00000 0.00000 0.00007 0.00000 
S 0.00000 0.00000 0.00000 0.00000 0.00002 0.00000 
S 0.00000 0.00000 0.00000 0.00000 0.00002 0.00000 
S 0.00000 0.00000 0.00000 0.00000 0.00005 0.00000 
2060726 0 0 0 0 1 0 
S 0.00000 0.00000 0.00000 0.00000 0.00012 0.00000 
B 1721091 0 0 0 0 1 0 
S 0.00000 0.00000 0.00000 0.00000 0.00005 0.00000 
S 0.00000 0.00000 0.00000 0.00000 0.00005 0.00000 
S 0.00000 0.00000 0.00000 0.00000 0.00005 0.00000 
S 0.00000 0.00000 0.00000 0.00000 0.00002 0.00000 
S 0.00000 0.00000 0.00000 0.00000 0.00035 0.00000 
Polyplax 2005262 0 0 0 0 2 0 
1842539 0 0 0 0 1 0 
S 0.00000 0.00000 0.00000 0.00000 0.00014 0.00000 
S 0.00000 0.00000 0.00000 0.00000 0.00002 0.00000 
S 0.00000 0.00000 0.00000 0.00000 0.00007 0.00000 
1842532 0 0 0 0 4 0 
1842533 0 0 0 0 1 0 
Henestaris 1929246 0 0 0 0 16 0 
S 0.00000 0.00000 0.00000 0.00000 0.00002 0.00000 
0604 S 0.00000 0.00000 0.00000 0.00000 0.00009 0.00000 
0801 S 0.00000 0.00000 0.00000 0.00000 0.00009 0.00000 
S 0.00000 0.00000 0.00000 0.00000 0.00002 0.00000 
S 0.00000 0.00000 0.00000 0.00000 0.00007 0.00000 
S 0.00000 0.00000 0.00000 0.00000 0.00002 0.00000 
S 0.00000 0.00000 0.00000 0.00000 0.00002 0.00000 
754409 0 0 0 0 3 0 
S 0.00000 0.00000 0.00000 0.00000 0.00002 0.00000 
S 0.00000 0.00000 0.00000 0.00000 0.00571 0.00000 
S 0.00000 0.00000 0.00000 0.00000 0.00002 0.00000 
S 0.00000 0.00000 0.00000 0.00000 0.00002 0.00000 
S 0.00000 0.00000 0.00000 0.00000 0.00005 0.00000 
taxon 712357 0 0 0 0 28 0 
S 0.00000 0.00000 0.00000 0.00000 0.00023 0.00000 
26554 S 0.00000 0.00000 0.00000 0.00000 0.00002 0.00000 
S 0.00000 0.00000 0.00000 0.00000 0.00038 0.00000 
S 0.00000 0.00000 0.00000 0.00000 0.00012 0.00000 
S 0.00000 0.00000 0.00000 0.00000 0.00014 0.00000 
S 0.00000 0.00000 0.00000 0.00000 0.00002 0.00000 
S 0.00000 0.00000 0.00000 0.00000 0.00002 0.00000 
1298881 0 0 0 0 2 0 
2171623 0 0 0 0 2 0 
taxon 712310 0 0 0 0 24 0 
499 S 0.00000 0.00000 0.00000 0.00000 0.00028 0.00000 
S 0.00000 0.00000 0.00000 0.00000 0.00002 0.00000 
S 0.00000 0.00000 0.00000 0.00000 0.00005 0.00000 
okcheonensis S 0.00000 0.00000 0.00000 0.00000 0.00002 0.00000 
S 0.00000 0.00000 0.00000 0.00000 0.00007 0.00000 
1938607 0 0 0 0 76 0 
S 0.00000 0.00000 0.00000 0.00000 0.00002 0.00000 
2582905 0 0 0 0 6 0 
S 0.00000 0.00000 0.00000 0.00000 0.00005 0.00000 
S 0.00000 0.00000 0.00000 0.00000 0.00014 0.00000 
S 0.00000 0.00000 0.00000 0.00000 0.00002 0.00000 
S 0.00000 0.00000 0.00000 0.00000 0.00016 0.00000 
S 0.00000 0.00000 0.00000 0.00000 0.00002 0.00000 
S 0.00000 0.00000 0.00000 0.00000 0.00218 0.00000 
S 0.00000 0.00000 0.00000 0.00000 0.00002 0.00000 
1615909 0 0 0 0 2 0 
S 0.00000 0.00000 0.00000 0.00000 0.00315 0.00000 
S 0.00000 0.00000 0.00000 0.00000 0.00005 0.00000 
S 0.00000 0.00000 0.00000 0.00000 0.00002 0.00000 
S 0.00000 0.00000 0.00000 0.00000 0.00009 0.00000 
S 0.00000 0.00000 0.00000 0.00000 0.00002 0.00000 
S 0.00000 0.00000 0.00000 0.00000 0.00002 0.00000 
S 0.00000 0.00000 0.00000 0.00000 0.00002 0.00000 
S 0.00000 0.00000 0.00000 0.00000 0.00007 0.00000 
1573704 0 0 0 0 1 0 
S 0.00000 0.00000 0.00000 0.00000 0.00026 0.00000 
S 0.00000 0.00000 0.00000 0.00000 0.00005 0.00000 
S 0.00000 0.00000 0.00000 0.00000 0.00009 0.00000 
S 0.00000 0.00000 0.00000 0.00000 0.00002 0.00000 
S 0.00000 0.00000 0.00000 0.00000 0.00005 0.00000 
S 0.00000 0.00000 0.00000 0.00000 0.00002 0.00000 
S 0.00000 0.00000 0.00000 0.00000 0.00005 0.00000 
20917 S 0.00000 0.00000 0.00000 0.00000 0.00002 0.00000 
S 0.00000 0.00000 0.00000 0.00000 0.00005 0.00000 
S 0.00000 0.00000 0.00000 0.00000 0.00002 0.00000 
S 0.00000 0.00000 0.00000 0.00000 0.00005 0.00000 
S 0.00000 0.00000 0.00000 0.00000 0.00002 0.00000 
S 0.00000 0.00000 0.00000 0.00000 0.00002 0.00000 
S 0.00000 0.00000 0.00000 0.00000 0.00002 0.00000 
1761012 0 0 0 0 2 0 
Ctenarytaina 1199245 0 0 0 0 1 0 
taxon 1316596 0 0 0 0 9 0 
1902245 0 0 0 0 148 0 
224719 0 0 0 0 1 0 
S 0.00000 0.00000 0.00000 0.00000 0.00002 0.00000 
S 0.00000 0.00000 0.00000 0.00000 0.00002 0.00000 
S 0.00000 0.00000 0.00000 0.00000 0.00002 0.00000 
S 0.00000 0.00000 0.00000 0.00000 0.00005 0.00000 
S 0.00000 0.00000 0.00000 0.00000 0.00002 0.00000 
108610 S 0.00000 0.00000 0.00000 0.00000 0.00031 0.00000 
S 0.00000 0.00000 0.00000 0.00000 0.00009 0.00000 
S 0.00000 0.00000 0.00000 0.00000 0.00002 0.00000 
S 0.00000 0.00000 0.00000 0.00000 0.00002 0.00000 
S 0.00000 0.00000 0.00000 0.00000 0.00002 0.00000 
S 0.00000 0.00000 0.00000 0.00000 0.00002 0.00000 
taxon 1889813 0 0 0 0 1 0 
S 0.00000 0.00000 0.00000 0.00000 0.00002 0.00000 
S 0.00000 0.00000 0.00000 0.00000 0.00002 0.00000 
S 0.00000 0.00000 0.00000 0.00000 0.00002 0.00000 
S 0.00000 0.00000 0.00000 0.00000 0.00002 0.00000 
S 0.00000 0.00000 0.00000 0.00000 0.00002 0.00000 
S 0.00000 0.00000 0.00000 0.00000 0.00049 0.00000 
1813879 0 0 0 0 74 0 
S 0.00000 0.00000 0.00000 0.00000 0.00007 0.00000 
S 0.00000 0.00000 0.00000 0.00000 0.00002 0.00000 
S 0.00000 0.00000 0.00000 0.00000 0.00042 0.00000 
S 0.00000 0.00000 0.00000 0.00000 0.00002 0.00000 
S 0.00000 0.00000 0.00000 0.00000 0.00002 0.00000 
S 0.00000 0.00000 0.00000 0.00000 0.00002 0.00000 
S 0.00000 0.00000 0.00000 0.00000 0.00019 0.00000 
S 0.00000 0.00000 0.00000 0.00000 0.00005 0.00000 
S 0.00000 0.00000 0.00000 0.00000 0.00002 0.00000 
S 0.00000 0.00000 0.00000 0.00000 0.00002 0.00000 
S 0.00000 0.00000 0.00000 0.00000 0.00047 0.00000 
S 0.00000 0.00000 0.00000 0.00000 0.00002 0.00000 
S 0.00000 0.00000 0.00000 0.00000 0.00021 0.00000 
S 0.00000 0.00000 0.00000 0.00000 0.00028 0.00000 
1644131 0 0 0 0 2 0 
S 0.00000 0.00000 0.00000 0.00000 0.00002 0.00000 
S 0.00000 0.00000 0.00000 0.00000 0.00002 0.00000 
7336 S 0.00000 0.00000 0.00000 0.00000 0.00002 0.00000 
S 0.00000 0.00000 0.00000 0.00000 0.00009 0.00000 
3274 S 0.00000 0.00000 0.00000 0.00000 0.00002 0.00000 
S 0.00000 0.00000 0.00000 0.00000 0.00002 0.00000 
2219696 0 0 0 0 80 0 
21323 S 0.00000 0.00000 0.00000 0.00000 0.00002 0.00000 
S 0.00000 0.00000 0.00000 0.00000 0.00002 0.00000 
S 0.00000 0.00000 0.00000 0.00000 0.00002 0.00000 
S 0.00000 0.00000 0.00000 0.00000 0.00002 0.00000 
S 0.00000 0.00000 0.00000 0.00000 0.00002 0.00000 
S 0.00000 0.00000 0.00000 0.00000 0.00002 0.00000 
2304600 0 0 0 0 1 0 
S 0.00000 0.00000 0.00000 0.00000 0.00023 0.00000 
S 0.00000 0.00000 0.00000 0.00000 0.00038 0.00000 
2571750 0 0 0 0 1 0 
S 0.00000 0.00000 0.00000 0.00000 0.00002 0.00000 
1940762 0 0 0 0 1 0 
878220 0 0 0 0 2 0 
S 0.00000 0.00000 0.00000 0.00000 0.00002 0.00000 
S 0.00000 0.00000 0.00000 0.00000 0.00007 0.00000 
S 0.00000 0.00000 0.00000 0.00000 0.00002 0.00000 
S 0.00000 0.00000 0.00000 0.00000 0.00002 0.00000 
S 0.00000 0.00000 0.00000 0.00000 0.00033 0.00000 
S 0.00000 0.00000 0.00000 0.00000 0.00002 0.00000 
Caldicellulosiruptor lactoaceticus S 0.00000 0.00000 0.00000 0.00000 0.00002 0.00000 
S 0.00000 0.00000 0.00000 0.00000 0.00026 0.00000 
S 0.00000 0.00000 0.00000 0.00000 0.00402 0.00000 
S 0.00000 0.00000 0.00000 0.00000 0.00002 0.00000 
S 0.00000 0.00000 0.00000 0.00000 0.00005 0.00000 
S 0.00000 0.00000 0.00000 0.00000 0.00002 0.00000 
S 0.00000 0.00000 0.00000 0.00000 0.00143 0.00000 
1572656 0 0 0 0 1 0 
S 0.00000 0.00000 0.00000 0.00000 0.00047 0.00000 
S 0.00000 0.00000 0.00000 0.00000 0.00103 0.00000 
S 0.00000 0.00000 0.00000 0.00000 0.00005 0.00000 
S 0.00000 0.00000 0.00000 0.00000 0.01104 0.00000 
2025492 0 0 0 0 1 0 
1808001 0 0 0 0 1 0 
S 0.00000 0.00000 0.00000 0.00000 0.00007 0.00000 
S 0.00000 0.00000 0.00000 0.00000 0.00016 0.00000 
2169400 0 0 0 0 1 0 
S 0.00000 0.00000 0.00000 0.00000 0.00002 0.00000 
S 0.00000 0.00000 0.00000 0.00000 0.00007 0.00000 
S 0.00000 0.00000 0.00000 0.00000 0.00002 0.00000 
endobia S 0.00000 0.00000 0.00000 0.00000 0.00002 0.00000 
S 0.00000 0.00000 0.00000 0.00000 0.00012 0.00000 
S 0.00000 0.00000 0.00000 0.00000 0.00002 0.00000 
S 0.00000 0.00000 0.00000 0.00000 0.00002 0.00000 
S 0.00000 0.00000 0.00000 0.00000 0.00005 0.00000 
1316411 0 0 0 0 1 0 
69 S 0.00000 0.00000 0.00000 0.00000 0.00002 0.00000 
S 0.00000 0.00000 0.00000 0.00000 0.00002 0.00000 
S 0.00000 0.00000 0.00000 0.00000 0.00040 0.00000 
2109685 0 0 0 0 79 0 
