	CRR125962	CRR125964	CRR125965	CRR125966	CRR125967	CRR125968	CRR125969	CRR125970	CRR125971	CRR125972	CRR125973	CRR125974	CRR125975	CRR125976	CRR125977	CRR125978	CRR125980	CRR125981	CRR125982	CRR125983	CRR125984	CRR125985	CRR125986	CRR125987	CRR125988	CRR125989	CRR125990	CRR125991	CRR125992	CRR125994	SRR10903401	SRR10903402	SRR11092056	SRR11092057	SRR11092058	SRR11092064	SRR5677652	SRR5677654	SRR5677656	SRR5677657	SRR5677658	SRR5677659	SRR5677660	SRR5677661
GO:0003824	0.047416666	0.047425934	0.045966124	0.056756252	0.043798654	0.067052662	0.042132502	0.015238372	0.045244924	0.033974839	0.059906172	0.02387089	0.047433124	0.015419626	0.037162926	0.061917687	0.059392745	0.037199952	0.051614273	0.048380912	0.046548036	0.038807596	0.032243554	0.03297453	0.040809075	0.028892423	0.031115158	0.042681928	0.065454925	0.040574285	0.025033173	0.025113395	0.044645079	0.030399517	0.036859131	0.047171738	0.066622898	0.050794465	0.051826986	0.044221508	0.053105662	0.053162598	0.061380587	0.047248023
GO:0008152	0.032153883	0.034928966	0.033170424	0.038523855	0.031765892	0.037731252	0.032595812	0.014343018	0.02891308	0.018365677	0.036535928	0.010866713	0.033216854	0.017801964	0.030265817	0.040154	0.035822869	0.016575448	0.028595528	0.032193987	0.026883928	0.024653549	0.020415909	0.023286119	0.028554439	0.012320754	0.024038469	0.016333379	0.037453169	0.026132931	0.009660512	0.009710975	0.028482766	0.014707282	0.020934767	0.029679588	0.041576495	0.03744672	0.033888088	0.032787979	0.037458709	0.039174516	0.041315521	0.029068469
GO:0009987	0.034657603	0.03694927	0.03405118	0.036016219	0.032137998	0.032957228	0.035161796	0.0155873	0.03153579	0.021519108	0.03044434	0.015304141	0.027763765	0.020058503	0.039162876	0.03309774	0.028806053	0.017968669	0.029481822	0.031649065	0.030741474	0.029028038	0.02310023	0.027758526	0.03145791	0.016826847	0.018920902	0.021792242	0.030393556	0.030254926	0.007721973	0.00771145	0.027274406	0.012629255	0.016556111	0.029729113	0.036613176	0.041262106	0.034163889	0.037865222	0.035738954	0.035645458	0.034090712	0.025170059
GO:0071704	0.023415182	0.023541003	0.023339323	0.025296686	0.022653222	0.024697	0.025332037	0.013262517	0.021944519	0.014646541	0.024418722	0.010252765	0.023365666	0.016985644	0.023831402	0.025277314	0.02305751	0.012100987	0.020328618	0.023540338	0.020253134	0.019032862	0.015883992	0.018062895	0.019807397	0.010890167	0.016613928	0.013740375	0.024263515	0.018587747	0.008019744	0.008041799	0.020670579	0.011632408	0.016485312	0.021032255	0.023385288	0.024867182	0.024522667	0.024641034	0.025453315	0.028434547	0.026208317	0.020875446
GO:0044237	0.022639749	0.024610028	0.022458567	0.02695556	0.022303885	0.027501257	0.02175225	0.013286661	0.020893991	0.013649347	0.025691808	0.008154811	0.023928866	0.01678417	0.022800083	0.027015504	0.024935087	0.012297204	0.021720383	0.025202323	0.019018919	0.016927845	0.017010194	0.017835485	0.020196138	0.008956062	0.016849851	0.012364935	0.026427122	0.018010587	0.006458566	0.006477182	0.019020626	0.010041993	0.01210121	0.020513168	0.029532461	0.028463953	0.023584943	0.024207272	0.027027408	0.028991508	0.028544482	0.020053229
GO:0005488	0.01889858	0.018143303	0.01912357	0.016266764	0.015898918	0.01750768	0.020269537	0.017910782	0.019192513	0.011673236	0.018043826	0.007526306	0.015989945	0.010987682	0.019232332	0.01413889	0.01232216	0.018429931	0.017125374	0.015297726	0.018860396	0.019040171	0.014072237	0.016680383	0.021912916	0.008893038	0.014612696	0.014690461	0.016917136	0.021472208	0.011633828	0.011682989	0.023320139	0.014615381	0.017166073	0.024318776	0.011740799	0.015781824	0.020184708	0.019430326	0.018597789	0.015447022	0.015531175	0.019979024
GO:0044238	0.021438324	0.021549725	0.021050489	0.021006012	0.020702304	0.01806264	0.024101146	0.007834565	0.019139901	0.012198312	0.018586647	0.010024998	0.019389871	0.016776354	0.023608259	0.01990645	0.017376637	0.010613238	0.015283088	0.021582812	0.017618254	0.016942463	0.012061523	0.016124491	0.01659896	0.01011114	0.015913616	0.010409748	0.015453214	0.016705879	0.007976315	0.007992041	0.018402396	0.010815036	0.015118344	0.018243243	0.021018057	0.023016891	0.021772535	0.023701216	0.022915972	0.025881402	0.021882084	0.017213564
GO:0016787	0.013549806	0.01149859	0.012822561	0.01222594	0.012221023	0.014496265	0.01516579	0.004827354	0.015894784	0.013696801	0.011932836	0.01533498	0.007095082	0.008388053	0.012680038	0.008966731	0.011117852	0.018359659	0.014527995	0.016132856	0.016086016	0.01204172	0.00670345	0.010536689	0.010382649	0.017560099	0.002791154	0.020955976	0.012813037	0.012397735	0.018451415	0.018425814	0.014480245	0.017600517	0.019148449	0.013500156	0.008569711	0.012836014	0.016390471	0.013924881	0.011042143	0.0145549	0.012165366	0.015314712
GO:0006807	0.019628081	0.018352508	0.018288054	0.016695862	0.017592931	0.016396784	0.021298536	0.007802826	0.017836627	0.011351518	0.015263846	0.009775895	0.018148299	0.016452804	0.021999832	0.012741416	0.011766888	0.009248769	0.015128726	0.018586936	0.015439694	0.015718191	0.012388678	0.014922464	0.015817578	0.009689684	0.015291753	0.01236757	0.013807161	0.015047924	0.007956245	0.007971298	0.016904993	0.010636642	0.014394014	0.016987448	0.01067042	0.016771089	0.019652806	0.020815028	0.018203091	0.020587815	0.013956426	0.013148192
GO:0016740	0.016641629	0.018778037	0.018268262	0.026697188	0.018408164	0.027026858	0.01368959	0.007259975	0.017643371	0.012738142	0.025397617	0.007420145	0.023267769	0.005661447	0.012279389	0.032895958	0.028584312	0.012347493	0.022305274	0.020259955	0.018728142	0.016229827	0.012260481	0.012316267	0.013145489	0.008645622	0.004316795	0.008840076	0.025095974	0.014426316	0.006390742	0.006439764	0.013805811	0.008396438	0.010037142	0.014861371	0.047537245	0.024873289	0.017186355	0.01666092	0.025227774	0.023446549	0.031650717	0.0198061
GO:0043170	0.018015073	0.018390844	0.01807458	0.016985274	0.017856293	0.013912045	0.020438866	0.01039571	0.016081162	0.010853746	0.014966689	0.009828969	0.01508084	0.016205861	0.021524221	0.01598014	0.014281055	0.008399959	0.012697726	0.017804772	0.013101026	0.014073646	0.009657489	0.013511075	0.010222415	0.00975468	0.003140961	0.009362808	0.013701867	0.012719902	0.00792562	0.007927422	0.012954741	0.009091636	0.013054276	0.012127639	0.015708117	0.018589626	0.017867978	0.020948494	0.019161643	0.02120885	0.018481665	0.014432203
GO:0034641	0.016348928	0.01573964	0.014448354	0.013715914	0.014886928	0.014296128	0.016281624	0.007500651	0.01264829	0.00719836	0.01286287	0.005436042	0.016519743	0.016167154	0.019530712	0.010509896	0.009865198	0.006737252	0.012511247	0.016039614	0.011231586	0.011628757	0.011670041	0.012760259	0.009256129	0.005866201	0.014835049	0.009920003	0.013218715	0.010696669	0.006352158	0.006352323	0.010481818	0.007687185	0.007978521	0.010888694	0.009220997	0.014807216	0.015764009	0.017617422	0.016253095	0.017857231	0.012364373	0.009958704
GO:1901360	0.014875517	0.013312975	0.012993623	0.011379613	0.013325785	0.011673087	0.015050734	0.007393227	0.012067147	0.006957346	0.012436775	0.005332591	0.015887824	0.016064059	0.017784384	0.010149678	0.009415004	0.005907702	0.010816767	0.015335611	0.010564883	0.011095194	0.011307965	0.012023882	0.008744821	0.005590261	0.014439262	0.00925626	0.012032623	0.010328049	0.006349216	0.00632406	0.010060298	0.007503384	0.007689878	0.010350291	0.008460527	0.013843598	0.014786884	0.016138181	0.01488105	0.016866532	0.011784657	0.009659896
GO:0046483	0.014839492	0.013285592	0.012945556	0.011369571	0.013317289	0.011616128	0.014979094	0.007393611	0.012004219	0.00691837	0.012415346	0.005331957	0.015879378	0.016055623	0.017776483	0.010123034	0.009406687	0.005899321	0.010796885	0.015328622	0.010533632	0.01104403	0.011295559	0.011962517	0.008398217	0.00554116	0.014432432	0.009247301	0.012024648	0.010173983	0.006344545	0.006320345	0.009891689	0.007442838	0.007629971	0.01012486	0.00841571	0.013638418	0.014739604	0.016077009	0.014876351	0.016639804	0.011784657	0.009295497
GO:0044419	0.001716579	0.001368593	0.001716272	0.000878585	0.003749257	0.000272506	0.002157858	0.04219644	0.00490705	0.018850566	0.002701693	0.026857096	0.008178866	0.032776956	0.000611965	0.001276559	0.006591998	0.012001852	0.006841279	0.009052547	0.007628583	0.015612209	0.028356756	0.018568252	0.000648495	0.024450956	0.001259902	0.015897699	0.001236914	0.009451114	0.024335894	0.024251983	0.003785659	0.018104347	0.014780686	0.001030775	0.000713745	0.000969724	0.000673743	0.00036703	0.000460481	0.000369664	0.000579715	0.007922042
GO:0044403	0.001583287	0.00043922	0.001584795	0.000821068	0.003707799	0.000161709	0.001962478	0.042190588	0.004691098	0.018771513	0.001916102	0.026856329	0.008122815	0.03276362	0.000608813	0.00126656	0.006584176	0.011898665	0.006687027	0.009022754	0.007547736	0.0154441	0.02832689	0.018488839	0.000246871	0.024443008	0.001249486	0.01586682	0.001228111	0.009291367	0.023952131	0.023884745	0.003609021	0.01788703	0.014492043	0.000894119	0.000381427	0.000909879	0.000516142	0.000205759	5.64E-05	0.000226727	0.000510495	0.007898853
GO:0009058	0.006198057	0.010234599	0.009346191	0.015404916	0.009694785	0.019896058	0.003872856	0.008887494	0.010763529	0.00869894	0.023251984	0.005007206	0.01274627	0.008710238	0.002538506	0.027709791	0.025073681	0.007503468	0.013277045	0.01089274	0.009744413	0.008449304	0.01101711	0.007876346	0.009356275	0.005708117	0.015389156	0.007242581	0.026338812	0.008420448	0.00326804	0.003307346	0.008065099	0.004823141	0.005113878	0.008974485	0.021343224	0.011251969	0.008538017	0.005878035	0.014138642	0.012272842	0.023776974	0.012194128
GO:0016032	0.001414872	0.000330237	0.001490075	0.000793679	0.003586143	0.000156832	0.001871301	0.037534018	0.003659483	0.01593055	0.00128875	0.022710464	0.006651663	0.030901159	0.000379699	0.000892003	0.005457765	0.010120115	0.005484909	0.006341914	0.006398444	0.013953046	0.025752386	0.016694822	0.000155066	0.020614289	0.001062412	0.013103189	0.001002889	0.008506671	0.022791326	0.022775161	0.003516688	0.017339953	0.013980111	0.000823017	0.000310386	0.000731567	0.000350662	0.000172393	3.29E-05	0.000162652	0.000363404	0.006679109
GO:0043167	0.00981314	0.00933261	0.009665694	0.009814776	0.009119127	0.01042272	0.009899228	0.004463148	0.009229861	0.005329708	0.01147342	0.002817985	0.008525155	0.002974169	0.010277515	0.009309205	0.008532666	0.009260869	0.008539145	0.006763066	0.009783365	0.008219068	0.005972407	0.00701724	0.010348997	0.003379601	0.007016127	0.007167122	0.011053659	0.00933615	0.004778522	0.004795888	0.010325254	0.00641788	0.007455696	0.011147416	0.005873499	0.007793207	0.009747602	0.009553892	0.007222032	0.008068531	0.008046793	0.010150179
GO:0016772	0.006504267	0.008465122	0.008636497	0.014591152	0.009009704	0.01671396	0.004070406	0.004813199	0.007891513	0.007119527	0.020093931	0.004764301	0.012901371	0.004173774	0.003122168	0.025040647	0.023022626	0.006894114	0.010937372	0.012096056	0.007862971	0.006190796	0.0085924	0.006295302	0.004684821	0.005513129	0.00253655	0.005074823	0.019888525	0.005881547	0.003219421	0.003231714	0.004608628	0.003615463	0.004362317	0.005247994	0.031790032	0.015626717	0.007927315	0.006968002	0.013715752	0.013086102	0.023378961	0.011012149
GO:1901576	0.005384798	0.007522058	0.006915983	0.010666581	0.007075097	0.014845431	0.003621033	0.008408802	0.008801741	0.007507636	0.016072761	0.004828423	0.010210914	0.008612913	0.002504769	0.017756566	0.016520429	0.006189399	0.010866255	0.008051899	0.008037573	0.00727985	0.009720899	0.007042508	0.008577896	0.005166649	0.014557371	0.006631322	0.017980403	0.007545852	0.003233263	0.003276474	0.007587375	0.004675019	0.004716313	0.008417176	0.012923223	0.0074146	0.007032931	0.00458787	0.010064796	0.008605776	0.014752453	0.009286884
GO:0044249	0.005341569	0.007499604	0.0068354	0.010655016	0.007055047	0.014831582	0.003571103	0.008404753	0.008775263	0.00747978	0.016068643	0.004825046	0.010170603	0.008599452	0.002499629	0.017716572	0.016580005	0.00619878	0.010716154	0.00804252	0.007969408	0.007217723	0.009695627	0.007010021	0.008408239	0.005162767	0.014553234	0.00658337	0.017888483	0.007371401	0.003232224	0.003273466	0.007382637	0.004630691	0.004683637	0.008194417	0.012812132	0.007386509	0.00696989	0.004576748	0.009956724	0.008531843	0.014665928	0.009260382
GO:0065007	0.008353237	0.008691304	0.008324062	0.006020151	0.008925428	0.003434512	0.00968431	0.014930109	0.008200997	0.008891068	0.002298887	0.010957444	0.003751974	0.010825783	0.011094436	0.003059412	0.003081614	0.005216365	0.005169741	0.002617943	0.007277794	0.008705122	0.00691849	0.008053221	0.006973265	0.009641507	0.001293628	0.006396408	0.002182586	0.007755394	0.013089462	0.01308807	0.006202378	0.010853959	0.00949798	0.005267722	0.001956244	0.006499835	0.006166127	0.009392622	0.005276735	0.004332461	0.002414038	0.004726591
GO:0044260	0.0091728	0.010528691	0.010168984	0.010749357	0.00897878	0.010141046	0.009378216	0.007790621	0.010277982	0.006685945	0.011390768	0.005042239	0.007107367	0.005836497	0.010130962	0.01332561	0.011604228	0.005491623	0.008660405	0.005855659	0.007191512	0.006936323	0.004408774	0.006677929	0.00664884	0.004690361	0.002217069	0.003270027	0.011385304	0.00751945	0.001678314	0.001683196	0.007230086	0.002972162	0.004759882	0.007426473	0.012285286	0.011702634	0.009928843	0.011266697	0.012301418	0.010725182	0.014440964	0.009176239
GO:0050789	0.007293209	0.007583396	0.007405135	0.005158304	0.007906302	0.003071886	0.008362242	0.014865271	0.00793484	0.008788233	0.00227048	0.010873062	0.003650621	0.010762078	0.009422094	0.002949594	0.003064083	0.005161857	0.005041816	0.002595874	0.006886469	0.008343322	0.006863351	0.007537035	0.006669268	0.00953622	0.001229626	0.006131986	0.002120873	0.007496391	0.013043957	0.013036012	0.005977567	0.010738272	0.009105861	0.005069212	0.001732632	0.005776817	0.005460864	0.008108018	0.004708182	0.003721283	0.002240988	0.004659674
GO:1901564	0.008917925	0.008981014	0.008840074	0.009460542	0.007987179	0.010528445	0.009664772	0.002293162	0.009437216	0.006370503	0.009795837	0.004817112	0.006214003	0.000767315	0.008529753	0.008778408	0.008331405	0.004884878	0.008211632	0.005748808	0.008491628	0.007283505	0.005099382	0.005692483	0.01035062	0.004897855	0.013762692	0.006854221	0.009398127	0.006963011	0.001655475	0.001700003	0.009735124	0.004290119	0.008212702	0.010129176	0.005755733	0.006512048	0.00923934	0.008363826	0.007095164	0.007506642	0.006714313	0.006557201
GO:0050794	0.007071657	0.007494128	0.00725952	0.005013749	0.007627308	0.002858679	0.008199426	0.014344259	0.007365045	0.007303837	0.002197869	0.008808362	0.003396472	0.005772419	0.009414576	0.002886087	0.002596004	0.004296395	0.004369749	0.002503368	0.00625532	0.007034996	0.004808068	0.006096769	0.006132621	0.008011743	0.00119701	0.005955459	0.002111957	0.006608761	0.011542818	0.011538359	0.005483785	0.009529514	0.008267163	0.004704865	0.001618204	0.005740178	0.005192943	0.008041285	0.004618905	0.003642422	0.002189074	0.00404152
GO:0051701	0.000671861	0.000113912	0.000322331	0.000312846	0.002386231	6.59E-05	0.000193209	0.018857972	0.002432893	0.01259512	0.000653713	0.018565923	0.004243382	0.012445644	0.000242956	0.000451358	0.004256394	0.008131583	0.004203808	0.003784845	0.004643367	0.005149252	0.009919397	0.006594906	6.27E-05	0.015968039	0.000724859	0.00838395	0.000622887	0.003077962	0.01503596	0.015008336	0.001894837	0.011321028	0.007749785	0.000533677	0.000239822	0.000604551	0.000169421	2.78E-05	0	7.89E-05	0.000147092	0.005469303
GO:0016779	0.00221282	0.004803493	0.004965031	0.009637659	0.005823872	0.011048294	0.00085967	0.004197382	0.005604422	0.005344792	0.015619269	0.004525421	0.00928031	0.003903507	0.000371881	0.020542065	0.018286333	0.004634265	0.006852859	0.00861981	0.0049312	0.003946907	0.005336937	0.003671056	0.00089259	0.004944307	0.001959153	0.004095754	0.017062663	0.002783868	0.003191045	0.00319549	0.001485359	0.00265862	0.002265573	0.001560753	0.016745598	0.007844502	0.003352955	0.002786088	0.008406125	0.007639721	0.018126914	0.007244922
GO:0035821	0.000512452	7.56E-05	0.000258713	0.000287891	0.002332879	6.34E-05	0.000125911	0.01501723	0.001403684	0.009771554	2.82E-05	0.014418193	0.00329819	0.010564387	6.44E-05	0.000123717	0.003128956	0.006385672	0.003150152	0.00255192	0.003537556	0.00372398	0.007154206	0.004515724	5.91E-06	0.012555971	0.000600284	0.006853061	0.000482062	0.002061666	0.014650121	0.01464424	0.001842648	0.011141552	0.007586402	0.000479837	0.000183085	0.000466542	6.30E-05	0	0	3.45E-05	0	0.00425486
GO:0051817	0.000512452	7.56E-05	0.000258713	0.000287891	0.002332879	6.34E-05	0.000125911	0.01501723	0.001403684	0.009771223	2.82E-05	0.014418193	0.00329819	0.010564387	6.44E-05	0.000123717	0.003128956	0.006385672	0.003150152	0.00255192	0.003537556	0.00372398	0.007154206	0.004515724	5.91E-06	0.012555971	0.000600284	0.006853061	0.000482062	0.002061666	0.014650121	0.01464424	0.001842648	0.011141552	0.007586402	0.000479837	0.000183085	0.000466542	6.30E-05	0	0	3.45E-05	0	0.00425486
GO:0044003	0.000512452	7.56E-05	0.000258713	0.000287891	0.002332879	6.34E-05	0.00012374	0.015017171	0.001403684	0.009771223	2.82E-05	0.014418193	0.00329819	0.010564387	6.44E-05	0.000123552	0.003128956	0.006385672	0.003150152	0.00255192	0.003537103	0.00372398	0.007154206	0.004515724	5.91E-06	0.012555971	0.000600284	0.006853061	0.000482062	0.002060998	0.014650121	0.01464424	0.001842648	0.011141552	0.007586402	0.000479837	0.000183085	0.000466542	6.30E-05	0	0	3.45E-05	0	0.00425486
GO:0019048	0.000442204	7.50E-05	0.000253058	0.000284239	0.002316228	6.34E-05	0.000108544	0.015016994	0.001204239	0.008377002	2.44E-05	0.012358614	0.00329819	0.01041508	6.43E-05	0.000121959	0.002681982	0.005524206	0.002741144	0.002269804	0.003004012	0.003647234	0.007011766	0.004472408	5.85E-06	0.010709534	0.000514859	0.005749844	0.000405546	0.002033259	0.014624168	0.014615181	0.001838634	0.011116685	0.007570064	0.000476138	0.000166874	0.000422575	6.30E-05	0	0	3.45E-05	0	0.003649957
GO:0044068	0.000294502	5.86E-05	0.000216301	0.000224592	0.001807174	4.88E-05	6.95E-05	0.00877812	0.000803284	0.005577658	1.55E-05	0.008239395	0.002157587	0.005340998	1.01E-05	5.80E-05	0.001788047	0.003732279	0.001929135	0.001822353	0.001999429	0.002174453	0.004076565	0.002617026	3.56E-06	0.00718725	0.000353541	0.004003749	0.000283211	0.001154653	0.011520499	0.011513192	0.001445214	0.008759714	0.005990698	0.00037606	0.000113951	0.000295558	3.55E-05	0	0	1.97E-05	0	0.00243485
GO:0019054	0.000294502	5.86E-05	0.000213474	0.000224592	0.001807174	4.88E-05	6.95E-05	0.00877809	0.000803284	0.005577107	1.55E-05	0.008239395	0.002157587	0.005340998	1.01E-05	5.80E-05	0.001788	0.003732223	0.001929026	0.001822353	0.001998976	0.002159835	0.004076565	0.002613417	3.53E-06	0.00718725	0.000353541	0.004003749	0.000283211	0.001152648	0.011520499	0.011513192	0.001445214	0.008759714	0.005990698	0.000375649	0.000113951	0.000295558	3.55E-05	0	0	1.97E-05	0	0.00243485
