tax_name	SRR7796663	SRR7788533	SRR7788532	SRR7788531	SRR7788530	SRR7788529	SRR7788528	SRR7788527	SRR7788526	SRR7788525	SRR7788524	SRR7788523	SRR7788522	SRR7788521	SRR7788520	SRR7788519	SRR7788518	SRR7788517	SRR7788516	SRR7788515	SRR7788514	SRR7788513	SRR7638297	SRR7638296	SRR7638295	SRR7638294	SRR7638293	SRR7638292	SRR7638291	SRR7638290	SRR7638289	SRR7638288	SRR7638287	SRR7638286	SRR7638285	SRR7638284	SRR7638283	SRR7638282	SRR7638281	SRR7638280	SRR7638279	SRR7638278	SRR7638277	SRR5787585	SRR5787584	SRR5787583	SRR5787582	SRR5787581	SRR11059947	SRR11059946	SRR11059945	SRR11059944	SRR11059943	SRR11059942	SRR11059941	SRR11059940	SRR10152593	SRR10152588	SRR10152587	CRR125998	CRR125949	CRR125948	CRR125947	CRR125946	CRR125945	CRR125944	CRR125943	CRR125942
-1	0	100	100	100	0	0	0	0	100	0	0	100	0	0	100	0	100	100	0	100	100	0	0	0	0	0	100	0	0	100	0	0	100	0	0	0	100	0	0	100	0	0	0	0	0	0	0	0	100	100	100	100	100	100	100	100	0	0	0	0	100	100	100	100	0	0	0	0
2	100	0	0	0	100	100	100	100	0	100	100	0	100	100	0	0	0	0	100	0	0	100	100	100	100	100	0	100	100	0	100	100	0	100	100	49.79383	0	100	100	0	100	100	100	100	100	100	100	100	0	0	0	0	0	0	0	0	100	100	100	100	0	0	0	0	100	100	100	100
194	0	0	0	0	0	0	0	0	0	0	0	0	0	0	0	0	0	0	0	0	0	0	0	0	0	0	0	0	0	0	0	0	0	0	0	0	0	0	0	0	0	0	0	0.01179	0.89869	0	0	0	0	0	0	0	0	0	0	0	0	0	0	0	0	0	0	0	0	0	0.20365	0
199	0	0	0	0	0	0	0	0	0	0	0	0	0	0	0	0	0	0	0	0	0	0	0	0	0	0	0	0	0	0	0	0	0	0	0	0	0	0	0	0	0	0	0	0	0.09573	0	0	0	0	0	0	0	0	0	0	0	0	0	0	0	0	0	0	0	0	0	0.20365	0
204	0	0	0	0	0	0	0	0	0	0	0	0	0	0	0	0	0	0	0	0	0	0	0	0	0	0	0	0	0	0	0	0	0	0	0	0	0	0	0	0	0	0	0	0.01179	0	0	0	0	0	0	0	0	0	0	0	0	0	0	0	0	0	0	0	0	0	0	0	0
222	0	0	0	0	0	0	0	0	0	0	0	0	0	0	0	0	0	0	0	0	0	0	0	0	0	0	0	0	0	0	0	0	0	0	0	0	0	73.52086	0	0	0	0	0	0	0	0	0	0	0	0	0	0	0	0	0	0	0	0	0	0	0	0	0	0	0	0	0	0
286	0	0	0	0	0	0	0	0	0	0	0	0	0	0	0	0	0	0	0	0	0	0	0	0	0	0	0	0	0	0	0	0	0	0	0	0	0	0	0	0	0	0	0	0	0	0	0	0	0	0	0	0	0	0	0	0	0	0	2.49512	0	0	0	0	0	0	0	0	0
481	0	0	0	0	0	0	0	0	0	0	47.90519	0	0	0	0	0	0	0	0	0	0	0	0	0	0	0	0	0	0	0	85.91838	0	0	0	0	0	0	0	0	0	0	0	0	11.4989	5.1543	33.02519	0	10.88098	0	0	0	0	0	0	0	0	0	0	0	0	0	0	0	0	0	0	0	0
482	0	0	0	0	0	0	0	0	0	0	47.90519	0	0	0	0	0	0	0	0	0	0	0	0	0	0	0	0	0	0	0	85.91838	0	0	0	0	0	0	0	0	0	0	0	0	11.4989	4.0283	27.49155	0	10.88098	0	0	0	0	0	0	0	0	0	0	0	0	0	0	0	0	0	0	0	0
484	0	0	0	0	0	0	0	0	0	0	0	0	0	0	0	0	0	0	0	0	0	0	0	0	0	0	0	0	0	0	0	0	0	0	0	0	0	0	0	0	0	0	0	0	2.11075	14.83303	0	0	0	0	0	0	0	0	0	0	0	0	0	0	0	0	0	0	0	0	0	0
488	0	0	0	0	0	0	0	0	0	0	0	0	0	0	0	0	0	0	0	0	0	0	0	0	0	0	0	0	0	0	0	0	0	0	0	0	0	0	0	0	0	0	0	0	1.14725	3.46782	0	0	0	0	0	0	0	0	0	0	0	0	0	0	0	0	0	0	0	0	0	0
490	0	0	0	0	0	0	0	0	0	0	47.90519	0	0	0	0	0	0	0	0	0	0	0	0	0	0	0	0	0	0	0	85.91838	0	0	0	0	0	0	0	0	0	0	0	0	7.28175	0.59994	4.46449	0	10.88098	0	0	0	0	0	0	0	0	0	0	0	0	0	0	0	0	0	0	0	0
495	0	0	0	0	0	0	0	0	0	0	0	0	0	0	0	0	0	0	0	0	0	0	0	0	0	0	0	0	0	0	0	0	0	0	0	0	0	0	0	0	0	0	0	2.8358	0.17035	4.7262	0	0	0	0	0	0	0	0	0	0	0	0	0	0	0	0	0	0	0	0	0	0
506	0	0	0	0	0	0	0	0	0	0	0	0	0	0	0	0	0	0	0	0	0	0	0	0	0	0	0	0	0	0	0	0	0	0	0	0	0	73.52086	0	0	0	0	0	0	0	0	0	0	0	0	0	0	0	0	0	0	0	0	0	0	0	0	0	0	0	0	0	0
543	100	0	0	0	0.52866	0	0	0	0	23.57965	0	0	0	100	0	0	0	0	0	0	0	0	0	0	0	2.26995	0	0	16.27025	0	0	100	0	100	0	49.79383	0	0	0	0	0	0	100	0	0	0	0	0	0	0	0	0	0	0	0	0	0	0	0	45.55552	0	0	0	0	0	0	0	0
561	100	0	0	0	0.52866	0	0	0	0	23.57965	0	0	0	100	0	0	0	0	0	0	0	0	0	0	0	2.26995	0	0	16.27025	0	0	100	0	100	0	49.79383	0	0	0	0	0	0	100	0	0	0	0	0	0	0	0	0	0	0	0	0	0	0	0	45.55552	0	0	0	0	0	0	0	0
562	100	0	0	0	0.52866	0	0	0	0	23.57965	0	0	0	100	0	0	0	0	0	0	0	0	0	0	0	2.26995	0	0	16.27025	0	0	100	0	100	0	49.79383	0	0	0	0	0	0	100	0	0	0	0	0	0	0	0	0	0	0	0	0	0	0	0	45.55552	0	0	0	0	0	0	0	0
583	0	0	0	0	35.23924	68.08007	0	0	0	0	0	0	0	0	0	0	0	0	0	0	0	0	0	0	64.49999	32.18002	0	0	0	0	0	0	0	0	0	0	0	0	0	0	0	0	0	0	0	0	0	0	0	0	0	0	0	0	0	0	0	0	0	0	0	0	0	0	0	0	0	0
584	0	0	0	0	35.23924	68.08007	0	0	0	0	0	0	0	0	0	0	0	0	0	0	0	0	0	0	64.49999	32.18002	0	0	0	0	0	0	0	0	0	0	0	0	0	0	0	0	0	0	0	0	0	0	0	0	0	0	0	0	0	0	0	0	0	0	0	0	0	0	0	0	0	0
712	0	0	0	0	17.01521	12.10877	0	10.14355	0	0	0	0	0	0	0	0	0	0	0	0	0	0	15.27587	10.81186	10.00272	14.97283	0	0	0	0	0	0	0	0	0	0	0	0	0	0	0	0	0	3.06986	0	3.3802	0	1.88597	0	0	0	0	0	0	0	0	0	0	0	0	0	0	0	0	0	0	0	0
724	0	0	0	0	17.01521	12.10877	0	10.14355	0	0	0	0	0	0	0	0	0	0	0	0	0	0	15.27587	10.81186	10.00272	14.97283	0	0	0	0	0	0	0	0	0	0	0	0	0	0	0	0	0	2.86642	0	3.3802	0	1.88597	0	0	0	0	0	0	0	0	0	0	0	0	0	0	0	0	0	0	0	0
727	0	0	0	0	17.01521	12.10877	0	10.14355	0	0	0	0	0	0	0	0	0	0	0	0	0	0	15.27587	10.81186	10.00272	14.97283	0	0	0	0	0	0	0	0	0	0	0	0	0	0	0	0	0	0	0	0	0	0	0	0	0	0	0	0	0	0	0	0	0	0	0	0	0	0	0	0	0	0
729	0	0	0	0	0	0	0	0	0	0	0	0	0	0	0	0	0	0	0	0	0	0	0	0	0	0	0	0	0	0	0	0	0	0	0	0	0	0	0	0	0	0	0	2.86642	0	3.3802	0	1.88597	0	0	0	0	0	0	0	0	0	0	0	0	0	0	0	0	0	0	0	0
824	0	0	0	0	0	0	0	0	0	0	0	0	0	0	0	0	0	0	0	0	0	0	0	0	0	0	0	0	0	0	0	0	0	0	0	0	0	0	0	0	0	0	0	0	0.80295	0	0	0	0	0	0	0	0	0	0	0	0	0	0	0	0	0	0	0	0	0	0	0
836	0	0	0	0	0	0	0	0	0	0	0	0	0	0	0	0	0	0	0	0	0	0	0	0	0	0	0	0	0	0	0	0	0	0	0	0	0	0	0	0	0	0	0	1.21386	0.18538	0.22828	0	0.20213	0	0	0	0	0	0	0	0	0	0	0	0	0	0	0	0	0	0	0	0
838	0	0	0	0	0	0	0	0	0	0	0	0	0	0	0	0	0	0	0	0	0	0	0	0	0	0	0	0	0	0	0	0	0	0	0	0	0	0	0	0	0	0	0	2.41957	10.17538	0.00402	25.56961	0	0	0	0	0	0	0	0	0	0	0	6.05957	0	0	0	0	0	0	0	10.32837	0
848	0	0	0	0	0	0	0	0	0	0	0	0	0	0	0	0	0	0	0	0	0	0	0	0	0	0	0	0	0	0	0	0	0	0	0	0	0	0	0	0	0	0	0	3.28659	2.8501	0.01509	9.29848	1.1543	0	0	0	0	0	0	0	0	0	0	0	0	0	0	0	0	0	0	0	0
851	0	0	0	0	0	0	0	0	0	0	0	0	0	0	0	0	0	0	0	0	0	0	0	0	0	0	0	0	0	0	0	0	0	0	0	0	0	0	0	0	0	0	0	2.85244	2.50141	0.01509	9.29848	0.77245	0	0	0	0	0	0	0	0	0	0	0	0	0	0	0	0	0	0	0	0
860	0	0	0	0	0	0	0	0	0	0	0	0	0	0	0	0	0	0	0	0	0	0	0	0	0	0	0	0	0	0	0	0	0	0	0	0	0	0	0	0	0	0	0	0.43415	0.34869	0	0	0.38185	0	0	0	0	0	0	0	0	0	0	0	0	0	0	0	0	0	0	0	0
868	0	0	0	0	0	0	0	0	0	0	0	0	0	0	0	0	0	0	0	0	0	0	0	0	0	0	0	0	0	0	0	0	0	0	0	0	0	0	0	0	0	0	0	0.14038	0	0	0	0	0	0	0	0	0	0	0	0	0	0	0	0	0	0	0	0	0	0	0	0
906	0	0	0	0	0	0	0	0	0	0	0	0	0	0	0	0	0	0	0	0	0	0	0	0	0	0	0	0	0	0	0	0	0	0	0	0	0	0	0	0	0	0	0	0	0	0	0	0	0	0	0	0	0	0	0	0	0	0	0	0	0	0	0	0	0	0	1.56424	0
970	0	0	0	0	0	0	0	0	0	0	0	0	0	0	0	0	0	0	0	0	0	0	0	0	0	0	0	0	0	0	0	0	0	0	0	0	0	0	0	0	0	0	0	0	2.2665	0	3.66046	0	0	0	0	0	0	0	0	0	0	0	0	0	0	0	0	0	0	0	0	0
976	0	0	0	0	0	0	0	0	0	0	0	0	0	0	0	0	0	0	0	0	0	0	0	0	0	0	0	0	0	0	0	0	0	0	0	0	0	0	0	0	0	0	0	38.63945	18.61431	1.4901	35.50555	1.66426	0	0	0	0	0	0	0	0	0	0	6.05957	0	0	0	0	0	0	0	18.74056	0
1016	0	0	0	0	0	0	0	0	0	0	0	0	0	0	0	0	0	0	0	0	0	0	0	0	0	0	0	0	0	0	0	0	0	0	0	0	0	0	0	0	0	0	0	35.00602	3.76149	1.2578	0.66203	1.46213	0	0	0	0	0	0	0	0	0	0	0	0	0	0	0	0	0	0	6.34474	0
1017	0	0	0	0	0	0	0	0	0	0	0	0	0	0	0	0	0	0	0	0	0	0	0	0	0	0	0	0	0	0	0	0	0	0	0	0	0	0	0	0	0	0	0	10.4139	0.11261	0.05397	0	1.46213	0	0	0	0	0	0	0	0	0	0	0	0	0	0	0	0	0	0	5.86296	0
1018	0	0	0	0	0	0	0	0	0	0	0	0	0	0	0	0	0	0	0	0	0	0	0	0	0	0	0	0	0	0	0	0	0	0	0	0	0	0	0	0	0	0	0	0	1.14493	0	0.0039	0	0	0	0	0	0	0	0	0	0	0	0	0	0	0	0	0	0	0	0.10598	0
1019	0	0	0	0	0	0	0	0	0	0	0	0	0	0	0	0	0	0	0	0	0	0	0	0	0	0	0	0	0	0	0	0	0	0	0	0	0	0	0	0	0	0	0	1.49012	0.05028	0	0	0	0	0	0	0	0	0	0	0	0	0	0	0	0	0	0	0	0	0	0.18408	0
1224	100	0	0	0	52.78311	80.18884	0	10.14355	0	23.57965	47.90519	0	0	100	0	0	0	0	0	0	0	0	15.27587	10.81186	74.50271	49.42281	0	0	16.27025	0	85.91838	100	0	100	0	49.79383	0	73.52086	0	0	0	0	100	15.60597	6.24777	38.49056	1.97608	13.98794	0	0	0	0	0	0	0	0	0	0	2.49512	100	0	0	0	0	0	0	0.20365	0
1236	100	0	0	0	52.78311	80.18884	0	10.14355	0	23.57965	0	0	0	100	0	0	0	0	0	0	0	0	15.27587	10.81186	74.50271	49.42281	0	0	16.27025	0	0	100	0	100	0	49.79383	0	0	0	0	0	0	100	3.21024	0	3.3802	0	2.04064	0	0	0	0	0	0	0	0	0	0	2.49512	45.55552	0	0	0	0	0	0	0	0
1239	0	0	0	0	37.33271	5.13336	100	89.85645	0	76.42035	0	0	96.50189	0	0	0	0	0	100	0	0	100	84.72413	89.18814	7.06372	41.1924	0	100	83.72975	0	8.75519	0	0	0	97.41621	0	0	26.47914	100	0	100	100	0	39.53801	45.35355	52.5212	39.6827	76.04524	0	0	0	0	0	0	0	0	100	100	46.57939	0	0	0	0	0	0	0	74.13653	68.66127
1257	0	0	0	0	0	0	0	0	0	0	0	0	0	0	0	0	0	0	0	0	0	0	0	0	0	0	0	0	0	0	0	0	0	0	0	0	0	0	0	0	0	0	0	0.09837	0	0	0.05468	0	0	0	0	0	0	0	0	0	0	0	0	0	0	0	0	0	0	0	0	0
1268	0	0	0	0	0	0	0	0	0	0	0	0	3.49811	0	0	0	0	0	0	0	0	0	0	0	0	0	0	0	0	0	0	0	0	0	2.58379	0	0	0	0	0	0	0	0	1.76092	0.21124	1.91372	0	5.24253	0	0	0	0	0	0	0	0	0	0	44.01343	0	0	0	0	0	0	0	0	0
1279	0	0	0	0	37.33271	5.13336	0	0	0	0	0	0	14.4329	0	0	0	0	0	100	0	0	100	1.79642	0	7.06372	40.77672	0	0	0	0	0	0	0	0	16.58991	0	0	0	0	0	100	100	0	0	0	0	0	0	0	0	0	0	0	0	0	0	100	92.90389	4.86489	0	0	0	0	0	0	0	0	0
1280	0	0	0	0	37.33271	5.13336	0	0	0	0	0	0	0	0	0	0	0	0	0	0	0	0	0	0	7.06372	40.77672	0	0	0	0	0	0	0	0	0	0	0	0	0	0	0	0	0	0	0	0	0	0	0	0	0	0	0	0	0	0	100	92.90389	4.86489	0	0	0	0	0	0	0	0	0
1282	0	0	0	0	0	0	0	0	0	0	0	0	0	0	0	0	0	0	0	0	0	0	1.79642	0	0	0	0	0	0	0	0	0	0	0	0	0	0	0	0	0	0	0	0	0	0	0	0	0	0	0	0	0	0	0	0	0	0	0	0	0	0	0	0	0	0	0	0	0
1283	0	0	0	0	0	0	0	0	0	0	0	0	14.4329	0	0	0	0	0	0	0	0	0	0	0	0	0	0	0	0	0	0	0	0	0	16.58991	0	0	0	0	0	0	0	0	0	0	0	0	0	0	0	0	0	0	0	0	0	0	0	0	0	0	0	0	0	0	0	0	0
1300	0	0	0	0	0	0	100	89.85645	0	0	0	0	81.47759	0	0	0	0	0	0	0	0	0	82.92771	89.18814	0	0.41568	0	100	0	0	8.75519	0	0	0	80.42024	0	0	26.47914	52.46337	0	0	0	0	22.92692	16.47195	41.47436	6.92905	31.40948	0	0	0	0	0	0	0	0	0	0	32.67432	0	0	0	0	0	0	0	63.52734	0
1301	0	0	0	0	0	0	100	89.85645	0	0	0	0	81.47759	0	0	0	0	0	0	0	0	0	82.92771	89.18814	0	0.41568	0	100	0	0	8.75519	0	0	0	80.42024	0	0	26.47914	52.46337	0	0	0	0	22.92692	16.47195	41.47436	6.92905	31.40948	0	0	0	0	0	0	0	0	0	0	32.67432	0	0	0	0	0	0	0	63.52734	0
1302	0	0	0	0	0	0	0	0	0	0	0	0	0	0	0	0	0	0	0	0	0	0	0	0	0	0	0	0	0	0	0	0	0	0	0	0	0	0	0	0	0	0	0	3.11848	0.27511	0.60715	3.22964	5.03114	0	0	0	0	0	0	0	0	0	0	0	0	0	0	0	0	0	0	0.682	0
1303	0	0	0	0	0	0	0	2.7774	0	0	0	0	18.33008	0	0	0	0	0	0	0	0	0	1.14073	0	0	0	0	0	0	0	0	0	0	0	17.6015	0	0	0	0	0	0	0	0	5.82934	9.15063	30.92137	0	12.0753	0	0	0	0	0	0	0	0	0	0	0	0	0	0	0	0	0	0	0.26722	0
1304	0	0	0	0	0	0	0	0	0	0	0	0	0	0	0	0	0	0	0	0	0	0	0	0	0	0	0	0	0	0	0	0	0	0	0	0	0	0	0	0	0	0	0	0	0	0	0	0	0	0	0	0	0	0	0	0	0	0	24.7227	0	0	0	0	0	0	0	6.35549	0
1305	0	0	0	0	0	0	0	0	0	0	0	0	0	0	0	0	0	0	0	0	0	0	0	0	0	0	0	0	0	0	0	0	0	0	0	0	0	0	0	0	0	0	0	2.86087	0.78932	3.0459	3.69941	4.0959	0	0	0	0	0	0	0	0	0	0	0	0	0	0	0	0	0	0	0	0
1309	0	0	0	0	0	0	0	0	0	0	0	0	0	0	0	0	0	0	0	0	0	0	0	0	0	0	0	0	0	0	0	0	0	0	0	0	0	0	0	0	0	0	0	5.00758	0.69483	0	0	0	0	0	0	0	0	0	0	0	0	0	0	0	0	0	0	0	0	0	0	0
1313	0	0	0	0	0	0	54.19101	43.9606	0	0	0	0	0	0	0	0	0	0	0	0	0	0	43.41626	60.18048	0	0	0	0	0	0	0	0	0	0	0	0	0	0	0	0	0	0	0	0	0	0	0	0	0	0	0	0	0	0	0	0	0	0	0	0	0	0	0	0	0	0	0	0
1318	0	0	0	0	0	0	0	0	0	0	0	0	0	0	0	0	0	0	0	0	0	0	0	0	0	0	0	0	0	0	0	0	0	0	0	0	0	26.47914	52.46337	0	0	0	0	0	0	0	0	0	0	0	0	0	0	0	0	0	0	0	5.74634	0	0	0	0	0	0	0	16.86167	0
1350	0	0	0	0	0	0	0	0	0	76.42035	0	0	0	0	0	0	0	0	0	0	0	0	0	0	0	0	0	0	83.72975	0	0	0	0	0	0	0	0	0	0	0	0	0	0	0	0	0	0	0.57601	0	0	0	0	0	0	0	0	0	0	0	0	0	0	0	0	0	0	0	0
1351	0	0	0	0	0	0	0	0	0	0	0	0	0	0	0	0	0	0	0	0	0	0	0	0	0	0	0	0	17.87489	0	0	0	0	0	0	0	0	0	0	0	0	0	0	0	0	0	0	0	0	0	0	0	0	0	0	0	0	0	0	0	0	0	0	0	0	0	0	0
1352	0	0	0	0	0	0	0	0	0	76.42035	0	0	0	0	0	0	0	0	0	0	0	0	0	0	0	0	0	0	65.85486	0	0	0	0	0	0	0	0	0	0	0	0	0	0	0	0	0	0	0	0	0	0	0	0	0	0	0	0	0	0	0	0	0	0	0	0	0	0	0
1378	0	0	0	0	0	0	0	0	0	0	0	0	0	0	0	0	0	0	0	0	0	0	0	0	0	0	0	0	0	0	0	0	0	0	0	0	0	0	0	0	0	0	0	7.22054	10.8774	7.77724	3.54394	37.78144	0	0	0	0	0	0	0	0	0	7.09611	9.04018	0	0	0	0	0	0	0	1.89683	0
1379	0	0	0	0	0	0	0	0	0	0	0	0	0	0	0	0	0	0	0	0	0	0	0	0	0	0	0	0	0	0	0	0	0	0	0	0	0	0	0	0	0	0	0	1.57941	3.52097	1.84709	1.86674	24.13052	0	0	0	0	0	0	0	0	0	4.27356	9.04018	0	0	0	0	0	0	0	0.56709	0
1380	0	0	0	0	0	0	0	0	0	0	0	0	0	0	0	0	0	0	0	0	0	0	0	0	0	0	0	0	0	0	0	0	0	0	0	0	0	0	0	0	0	0	0	0	1.35564	0	1.12464	0	0	0	0	0	0	0	0	0	0	0	0	0	0	0	0	0	0	0	1.05525	0
1382	0	0	0	0	0	0	0	0	0	0	0	0	0	0	0	0	0	0	0	0	0	0	0	0	0	0	0	0	0	0	0	0	0	0	0	0	0	0	0	0	0	0	0	0	0.23609	0	0	0	0	0	0	0	0	0	0	0	0	0	0	0	0	0	0	0	0	0	0.365	0
1383	0	0	0	0	0	0	0	0	0	0	0	0	0	0	0	0	0	0	0	0	0	0	0	0	0	0	0	0	0	0	0	0	0	0	0	0	0	0	0	0	0	0	0	0	1.11955	0	1.12464	0	0	0	0	0	0	0	0	0	0	0	0	0	0	0	0	0	0	0	0.69024	0
1385	0	0	0	0	0	0	0	0	0	0	0	0	0	0	0	0	0	0	0	0	0	0	0	0	0	0	0	0	0	0	0	0	0	0	0	0	0	0	0	0	0	0	0	7.22054	10.8774	7.77724	3.54394	37.78144	0	0	0	0	0	0	0	0	0	7.09611	9.04018	0	0	0	0	0	0	0	1.89683	0
1578	0	0	0	0	0	0	0	0	0	0	0	0	0.5721	0	0	0	0	0	0	0	0	0	0	0	0	0	0	0	0	0	0	0	0	0	0.36633	0	0	0	47.53663	0	0	0	0	0	0	0	0	0	0	0	0	0	0	0	0	0	0	0	0	0	0	0	0	0	0	0	0	0
1613	0	0	0	0	0	0	0	0	0	0	0	0	0	0	0	0	0	0	0	0	0	0	0	0	0	0	0	0	0	0	0	0	0	0	0	0	0	0	47.53663	0	0	0	0	0	0	0	0	0	0	0	0	0	0	0	0	0	0	0	0	0	0	0	0	0	0	0	0	0
1653	0	0	0	0	9.88419	14.6778	0	0	0	0	52.09481	0	0	0	0	0	0	0	0	0	0	0	0	0	18.43357	9.3848	0	0	0	0	5.32643	0	0	0	0	0	0	0	0	0	0	0	0	0.13087	5.98122	1.04638	2.5544	1.66948	0	0	0	0	0	0	0	0	0	0	0	0	0	0	0	0	0	0	0	0
1654	0	0	0	0	0	0	0	0	0	0	0	0	0	0	0	0	0	0	0	0	0	0	0	0	0	0	0	0	0	0	0	0	0	0	0	0	0	0	0	0	0	0	0	0.80872	8.40899	4.51727	2.43702	0.23624	0	0	0	0	0	0	0	0	0	0	0.85249	0	0	0	0	0	0	0	3.35066	0
1655	0	0	0	0	0	0	0	0	0	0	0	0	0	0	0	0	0	0	0	0	0	0	0	0	0	0	0	0	0	0	0	0	0	0	0	0	0	0	0	0	0	0	0	0	2.30095	0	0.09391	0.11462	0	0	0	0	0	0	0	0	0	0	0	0	0	0	0	0	0	0	0	0
1660	0	0	0	0	0	0	0	0	0	0	0	0	0	0	0	0	0	0	0	0	0	0	0	0	0	0	0	0	0	0	0	0	0	0	0	0	0	0	0	0	0	0	0	0.05779	0.16036	1.40226	0	0	0	0	0	0	0	0	0	0	0	0	0.85249	0	0	0	0	0	0	0	0	0
1716	0	0	0	0	9.88419	14.6778	0	0	0	0	52.09481	0	0	0	0	0	0	0	0	0	0	0	0	0	18.43357	9.3848	0	0	0	0	5.32643	0	0	0	0	0	0	0	0	0	0	0	0	0.13087	5.98122	1.04638	2.5544	1.66948	0	0	0	0	0	0	0	0	0	0	0	0	0	0	0	0	0	0	0	0
1743	0	0	0	0	0	0	0	0	0	0	0	0	0	0	0	0	0	0	0	0	0	0	0	0	0	0	0	0	0	0	0	0	0	0	0	0	0	0	0	0	0	0	0	0	0.18548	0	0	0	0	0	0	0	0	0	0	0	0	0	0	0	0	0	0	0	0	0	0	0
1760	0	0	0	0	9.88419	14.6778	0	0	0	0	52.09481	0	3.49811	0	0	0	0	0	0	0	0	0	0	0	18.43357	9.3848	0	0	0	0	5.32643	0	0	0	2.58379	0	0	0	0	0	0	0	0	2.91616	19.03853	7.48305	5.06169	7.14825	0	0	0	0	0	0	0	0	0	0	44.86591	0	0	0	0	0	0	0	3.35066	0
2037	0	0	0	0	0	0	0	0	0	0	0	0	0	0	0	0	0	0	0	0	0	0	0	0	0	0	0	0	0	0	0	0	0	0	0	0	0	0	0	0	0	0	0	1.02436	12.61806	4.52295	2.50729	0.23624	0	0	0	0	0	0	0	0	0	0	0.85249	0	0	0	0	0	0	0	3.35066	0
2047	0	0	0	0	0	0	0	0	0	0	0	0	0	0	0	0	0	0	0	0	0	0	0	0	0	0	0	0	0	0	0	0	0	0	0	0	0	0	0	0	0	0	0	1.76092	0.21124	0.42325	0	3.52681	0	0	0	0	0	0	0	0	0	0	2.03629	0	0	0	0	0	0	0	0	0
2049	0	0	0	0	0	0	0	0	0	0	0	0	0	0	0	0	0	0	0	0	0	0	0	0	0	0	0	0	0	0	0	0	0	0	0	0	0	0	0	0	0	0	0	1.02436	12.61806	4.52295	2.50729	0.23624	0	0	0	0	0	0	0	0	0	0	0.85249	0	0	0	0	0	0	0	3.35066	0
2085	0	0	0	0	0	0	0	0	0	0	0	0	0	0	0	0	0	0	0	0	0	0	0	0	0	0	0	0	0	0	0	0	0	0	0	0	0	0	0	0	0	0	0	0	0	0	0	0	0	0	0	0	0	0	0	0	0	0	0	0	0	0	0	0	100	100	2.51336	31.33873
2092	0	0	0	0	0	0	0	0	0	0	0	0	0	0	0	0	0	0	0	0	0	0	0	0	0	0	0	0	0	0	0	0	0	0	0	0	0	0	0	0	0	0	0	0	0	0	0	0	0	0	0	0	0	0	0	0	0	0	0	0	0	0	0	0	100	100	2.51336	31.33873
2093	0	0	0	0	0	0	0	0	0	0	0	0	0	0	0	0	0	0	0	0	0	0	0	0	0	0	0	0	0	0	0	0	0	0	0	0	0	0	0	0	0	0	0	0	0	0	0	0	0	0	0	0	0	0	0	0	0	0	0	0	0	0	0	0	100	100	2.51336	31.33873
2100	0	0	0	0	0	0	0	0	0	0	0	0	0	0	0	0	0	0	0	0	0	0	0	0	0	0	0	0	0	0	0	0	0	0	0	0	0	0	0	0	0	0	0	0	0	0	0	0	0	0	0	0	0	0	0	0	0	0	0	0	0	0	0	0	100	100	2.51336	31.33873
2717	0	0	0	0	0	0	0	0	0	0	0	0	0	0	0	0	0	0	0	0	0	0	0	0	0	0	0	0	0	0	0	0	0	0	0	0	0	0	0	0	0	0	0	0.14038	0	0	0	0	0	0	0	0	0	0	0	0	0	0	0	0	0	0	0	0	0	0	0	0
2718	0	0	0	0	0	0	0	0	0	0	0	0	0	0	0	0	0	0	0	0	0	0	0	0	0	0	0	0	0	0	0	0	0	0	0	0	0	0	0	0	0	0	0	0.14038	0	0	0	0	0	0	0	0	0	0	0	0	0	0	0	0	0	0	0	0	0	0	0	0
2759	0	0	0	0	0	0	0	0	0	0	0	0	0	0	0	100	0	0	0	0	0	0	0	0	0	0	0	0	0	0	0	0	0	0	0	50.20617	0	0	0	0	0	0	0	0	0	0	0	0	0	0	0	0	0	0	0	0	0	0	0	0	0	0	0	0	0	0	0	0
4890	0	0	0	0	0	0	0	0	0	0	0	0	0	0	0	100	0	0	0	0	0	0	0	0	0	0	0	0	0	0	0	0	0	0	0	50.20617	0	0	0	0	0	0	0	0	0	0	0	0	0	0	0	0	0	0	0	0	0	0	0	0	0	0	0	0	0	0	0	0
4891	0	0	0	0	0	0	0	0	0	0	0	0	0	0	0	100	0	0	0	0	0	0	0	0	0	0	0	0	0	0	0	0	0	0	0	50.20617	0	0	0	0	0	0	0	0	0	0	0	0	0	0	0	0	0	0	0	0	0	0	0	0	0	0	0	0	0	0	0	0
4892	0	0	0	0	0	0	0	0	0	0	0	0	0	0	0	100	0	0	0	0	0	0	0	0	0	0	0	0	0	0	0	0	0	0	0	50.20617	0	0	0	0	0	0	0	0	0	0	0	0	0	0	0	0	0	0	0	0	0	0	0	0	0	0	0	0	0	0	0	0
5476	0	0	0	0	0	0	0	0	0	0	0	0	0	0	0	100	0	0	0	0	0	0	0	0	0	0	0	0	0	0	0	0	0	0	0	50.20617	0	0	0	0	0	0	0	0	0	0	0	0	0	0	0	0	0	0	0	0	0	0	0	0	0	0	0	0	0	0	0	0
28037	0	0	0	0	0	0	45.80899	43.11845	0	0	0	0	0	0	0	0	0	0	0	0	0	0	38.37072	29.00766	0	0	0	100	0	0	8.75519	0	0	0	0	0	0	0	0	0	0	0	0	1.4828	0.15901	0.75723	0	9.70123	0	0	0	0	0	0	0	0	0	0	2.20529	0	0	0	0	0	0	0	8.43284	0
28112	0	0	0	0	0	0	0	0	0	0	0	0	0	0	0	0	0	0	0	0	0	0	0	0	0	0	0	0	0	0	0	0	0	0	0	0	0	0	0	0	0	0	0	0	0	0	0	0	0	0	0	0	0	0	0	0	0	0	0	0	0	0	0	0	0	0	0.35808	0
28129	0	0	0	0	0	0	0	0	0	0	0	0	0	0	0	0	0	0	0	0	0	0	0	0	0	0	0	0	0	0	0	0	0	0	0	0	0	0	0	0	0	0	0	0.17429	0.1373	0.00152	0	0	0	0	0	0	0	0	0	0	0	0	0	0	0	0	0	0	0	0	0	0
28132	0	0	0	0	0	0	0	0	0	0	0	0	0	0	0	0	0	0	0	0	0	0	0	0	0	0	0	0	0	0	0	0	0	0	0	0	0	0	0	0	0	0	0	0	0	0	0	0	0	0	0	0	0	0	0	0	0	0	0	0	0	0	0	0	0	0	1.38482	0
28133	0	0	0	0	0	0	0	0	0	0	0	0	0	0	0	0	0	0	0	0	0	0	0	0	0	0	0	0	0	0	0	0	0	0	0	0	0	0	0	0	0	0	0	1.39697	6.38699	0	20.08748	0	0	0	0	0	0	0	0	0	0	0	0	0	0	0	0	0	0	0	0	0
28135	0	0	0	0	0	0	0	0	0	0	0	0	0	0	0	0	0	0	0	0	0	0	0	0	0	0	0	0	0	0	0	0	0	0	0	0	0	0	0	0	0	0	0	0.84831	1.79365	0.0025	5.48213	0	0	0	0	0	0	0	0	0	0	0	0	0	0	0	0	0	0	0	0.02227	0
28136	0	0	0	0	0	0	0	0	0	0	0	0	0	0	0	0	0	0	0	0	0	0	0	0	0	0	0	0	0	0	0	0	0	0	0	0	0	0	0	0	0	0	0	0	0.12259	0	0	0	0	0	0	0	0	0	0	0	0	0	0	0	0	0	0	0	0	0	0	0
28216	0	0	0	0	0	0	0	0	0	0	47.90519	0	0	0	0	0	0	0	0	0	0	0	0	0	0	0	0	0	0	0	85.91838	0	0	0	0	0	0	73.52086	0	0	0	0	0	12.38393	5.34908	35.11036	1.97608	11.9473	0	0	0	0	0	0	0	0	0	0	0	54.44448	0	0	0	0	0	0	0	0
29391	0	0	0	0	0	0	0	0	0	0	0	0	0	0	0	0	0	0	0	0	0	0	0	0	0	0	0	0	0	0	0	0	0	0	0	0	0	0	0	0	0	0	0	2.87168	6.13252	2.95449	1.6772	12.14794	0	0	0	0	0	0	0	0	0	0	0	0	0	0	0	0	0	0	0.02608	0
29465	0	0	0	0	0	0	0	0	0	0	0	0	0	0	0	0	0	0	0	0	0	0	0	0	0	0	0	0	0	0	0	0	0	0	0	0	0	0	0	0	0	0	0	8.58231	4.18495	3.11964	0	2.24818	0	0	0	0	0	0	0	0	0	0	0	0	0	0	0	0	0	0	4.2869	0
29466	0	0	0	0	0	0	0	0	0	0	0	0	0	0	0	0	0	0	0	0	0	0	0	0	0	0	0	0	0	0	0	0	0	0	0	0	0	0	0	0	0	0	0	8.58231	4.18495	3.11964	0	2.24818	0	0	0	0	0	0	0	0	0	0	0	0	0	0	0	0	0	0	0.05938	0
29547	0	0	0	0	0	0	0	0	0	0	0	0	0	0	0	0	0	0	0	0	0	0	0	0	0	0	0	0	0	0	0	0	0	0	0	0	0	0	0	0	0	0	0	0.01179	0.89869	0	0	0	0	0	0	0	0	0	0	0	0	0	0	0	0	0	0	0	0	0	0.20365	0
31953	0	0	0	0	0	0	0	0	0	0	0	0	0	0	0	0	0	0	0	0	0	0	0	0	0	0	0	0	0	0	0	0	0	0	0	0	0	0	0	0	0	0	0	0	0.04252	0	0	0	0	0	0	0	0	0	0	0	0	0	0	0	0	0	0	0	0	0	0	0
31957	0	0	0	0	0	0	0	0	0	0	0	0	0	0	0	0	0	0	0	0	0	0	0	0	0	0	0	0	0	0	0	0	0	0	0	0	0	0	0	0	0	0	0	0	0.18548	0	0	0	0	0	0	0	0	0	0	0	0	0	0	0	0	0	0	0	0	0	0	0
31969	0	0	0	0	0	0	0	0	0	0	0	0	0	0	0	0	0	0	0	0	0	0	0	0	0	0	0	0	0	0	0	0	0	0	0	0	0	0	0	0	0	0	0	0	0	0	0	0	0	0	0	0	0	0	0	0	0	0	0	0	0	0	0	0	100	100	2.51336	31.33873
31977	0	0	0	0	0	0	0	0	0	0	0	0	0	0	0	0	0	0	0	0	0	0	0	0	0	0	0	0	0	0	0	0	0	0	0	0	0	0	0	0	0	0	0	8.58231	4.18495	3.11964	0	2.24818	0	0	0	0	0	0	0	0	0	0	0	0	0	0	0	0	0	0	5.85114	0
32066	0	0	0	0	0	0	0	0	0	0	0	0	0	0	0	0	0	0	0	0	0	0	0	0	0	0	0	0	0	0	0	0	0	0	0	0	0	0	0	0	0	0	0	3.30041	9.39019	0.01509	16.64935	1.1543	0	0	0	0	0	0	0	0	0	0	0	0	0	0	0	0	0	0	0	0
32067	0	0	0	0	0	0	0	0	0	0	0	0	0	0	0	0	0	0	0	0	0	0	0	0	0	0	0	0	0	0	0	0	0	0	0	0	0	0	0	0	0	0	0	0.01382	6.5401	0	7.35087	0	0	0	0	0	0	0	0	0	0	0	0	0	0	0	0	0	0	0	0	0
32207	0	0	0	0	0	0	0	0	0	0	0	0	3.49811	0	0	0	0	0	0	0	0	0	0	0	0	0	0	0	0	0	0	0	0	0	2.58379	0	0	0	0	0	0	0	0	1.76092	0.21124	1.91372	0	5.24253	0	0	0	0	0	0	0	0	0	0	44.01343	0	0	0	0	0	0	0	0	0
33033	0	0	0	0	0	0	0	0	0	0	0	0	0	0	0	0	0	0	0	0	0	0	0	0	0	0	0	0	0	0	0	0	0	0	0	0	0	0	0	0	0	0	0	0	0.62736	0	0	0	0	0	0	0	0	0	0	0	0	0	0	0	0	0	0	0	0	0	0.0126	0
33053	0	0	0	0	0	0	0	0	0	0	0	0	0	0	0	0	0	0	0	0	0	0	0	0	0	0	0	0	0	0	0	0	0	0	0	0	0	0	0	0	0	0	0	1.38135	0	0	0	0	0	0	0	0	0	0	0	0	0	0	0	0	0	0	0	0	0	0	0	0
33958	0	0	0	0	0	0	0	0	0	0	0	0	0.5721	0	0	0	0	0	0	0	0	0	0	0	0	0	0	0	0	0	0	0	0	0	0.36633	0	0	0	47.53663	0	0	0	0	0	0	0	0	0	0	0	0	0	0	0	0	0	0	0	0	0	0	0	0	0	0	0	0	0
34072	0	0	0	0	0	0	0	0	0	0	0	0	0	0	0	0	0	0	0	0	0	0	0	0	0	0	0	0	0	0	0	0	0	0	0	0	0	0	0	0	0	0	0	0	0	0	0	0	0	0	0	0	0	0	0	0	0	0	0	54.44448	0	0	0	0	0	0	0	0
34073	0	0	0	0	0	0	0	0	0	0	0	0	0	0	0	0	0	0	0	0	0	0	0	0	0	0	0	0	0	0	0	0	0	0	0	0	0	0	0	0	0	0	0	0	0	0	0	0	0	0	0	0	0	0	0	0	0	0	0	54.44448	0	0	0	0	0	0	0	0
35517	0	0	0	0	0	0	0	0	0	0	0	0	0	0	0	0	0	0	0	0	0	0	0	0	0	0	0	0	0	0	0	0	0	0	0	0	0	0	0	0	0	0	0	0	0	0	1.24227	0	0	0	0	0	0	0	0	0	0	0	0	0	0	0	0	0	0	0	0	0
37734	0	0	0	0	0	0	0	0	0	0	0	0	0	0	0	0	0	0	0	0	0	0	0	0	0	0	0	0	0	0	0	0	0	0	0	0	0	0	0	0	0	0	0	0	0	0	0	0.57601	0	0	0	0	0	0	0	0	0	0	0	0	0	0	0	0	0	0	0	0
38284	0	0	0	0	9.88419	14.6778	0	0	0	0	0	0	0	0	0	0	0	0	0	0	0	0	0	0	18.43357	9.3848	0	0	0	0	0	0	0	0	0	0	0	0	0	0	0	0	0	0	0	0	0	0	0	0	0	0	0	0	0	0	0	0	0	0	0	0	0	0	0	0	0	0
39777	0	0	0	0	0	0	0	0	0	0	0	0	0	0	0	0	0	0	0	0	0	0	0	0	0	0	0	0	0	0	0	0	0	0	0	0	0	0	0	0	0	0	0	0	0	0	0	0	0	0	0	0	0	0	0	0	0	0	0	0	0	0	0	0	0	0	3.45321	0
39778	0	0	0	0	0	0	0	0	0	0	0	0	0	0	0	0	0	0	0	0	0	0	0	0	0	0	0	0	0	0	0	0	0	0	0	0	0	0	0	0	0	0	0	0	0	0	0	0	0	0	0	0	0	0	0	0	0	0	0	0	0	0	0	0	0	0	0.34179	0
40542	0	0	0	0	0	0	0	0	0	0	0	0	0	0	0	0	0	0	0	0	0	0	0	0	0	0	0	0	0	0	0	0	0	0	0	0	0	0	0	0	0	0	0	0	0.14484	0	3.55777	0	0	0	0	0	0	0	0	0	0	0	0	0	0	0	0	0	0	0	0	0
43675	0	0	0	0	0	0	0	0	0	0	0	0	3.49811	0	0	0	0	0	0	0	0	0	0	0	0	0	0	0	0	0	0	0	0	0	2.58379	0	0	0	0	0	0	0	0	0	0	0.0152	0	0	0	0	0	0	0	0	0	0	0	0	41.97713	0	0	0	0	0	0	0	0	0
43768	0	0	0	0	0	0	0	0	0	0	0	0	0	0	0	0	0	0	0	0	0	0	0	0	0	0	0	0	0	0	0	0	0	0	0	0	0	0	0	0	0	0	0	0.13087	5.98122	1.04638	2.5544	1.61836	0	0	0	0	0	0	0	0	0	0	0	0	0	0	0	0	0	0	0	0
43770	0	0	0	0	0	0	0	0	0	0	52.09481	0	0	0	0	0	0	0	0	0	0	0	0	0	0	0	0	0	0	0	5.32643	0	0	0	0	0	0	0	0	0	0	0	0	0	0	0	0	0	0	0	0	0	0	0	0	0	0	0	0	0	0	0	0	0	0	0	0	0
43994	0	0	0	0	0	0	0	0	0	0	0	0	0	0	0	0	0	0	0	0	0	0	0	0	0	0	0	0	0	0	0	0	0	0	0	0	0	0	0	0	0	0	0	0	0	0	0.87433	0	0	0	0	0	0	0	0	0	0	0	0	0	0	0	0	0	0	0	0	0
43995	0	0	0	0	0	0	0	0	0	0	0	0	0	0	0	0	0	0	0	0	0	0	0	0	0	0	0	0	0	0	0	0	0	0	0	0	0	0	0	0	0	0	0	0	0	0	0.87433	0	0	0	0	0	0	0	0	0	0	0	0	0	0	0	0	0	0	0	0	0
45242	0	0	0	0	0	0	0	0	0	0	0	0	0	0	0	0	0	0	0	0	0	0	0	0	0	0	0	0	0	0	0	0	0	0	0	0	0	0	0	0	0	0	0	1.79932	0.97641	0.81658	0.65813	0	0	0	0	0	0	0	0	0	0	0	0	0	0	0	0	0	0	0	0.15831	0
45634	0	0	0	0	0	0	0	0	0	0	0	0	0	0	0	0	0	0	0	0	0	0	0	0	0	0	0	0	0	0	0	0	0	0	0	0	0	0	0	0	0	0	0	0.50336	4.37653	6.08021	0	0.50591	0	0	0	0	0	0	0	0	0	0	0	0	0	0	0	0	0	0	0	0
46123	0	0	0	0	0	0	0	0	0	0	0	0	0	0	0	0	0	0	0	0	0	0	0	0	0	0	0	0	0	0	0	0	0	0	0	0	0	0	0	0	0	0	0	0.64622	0.3946	0	0	1.91193	0	0	0	0	0	0	0	0	0	0	0	0	0	0	0	0	0	0	0	68.66127
46125	0	0	0	0	0	0	0	0	0	0	0	0	0	0	0	0	0	0	0	0	0	0	0	0	0	0	0	0	0	0	0	0	0	0	0	0	0	0	0	0	0	0	0	0.5912	0.35106	0	0	0.45875	0	0	0	0	0	0	0	0	0	0	0	0	0	0	0	0	0	0	0	60.54902
47670	0	0	0	0	0	0	0	0	0	0	0	0	0	0	0	0	0	0	0	0	0	0	0	0	0	0	0	0	0	0	0	0	0	0	0	0	0	0	0	0	0	0	0	0.88504	0.19478	2.08518	1.97608	1.06633	0	0	0	0	0	0	0	0	0	0	0	0	0	0	0	0	0	0	0	0
47671	0	0	0	0	0	0	0	0	0	0	0	0	0	0	0	0	0	0	0	0	0	0	0	0	0	0	0	0	0	0	0	0	0	0	0	0	0	0	0	0	0	0	0	0.88504	0.19478	2.08518	1.97608	1.06633	0	0	0	0	0	0	0	0	0	0	0	0	0	0	0	0	0	0	0	0
47715	0	0	0	0	0	0	0	0	0	0	0	0	0.5721	0	0	0	0	0	0	0	0	0	0	0	0	0	0	0	0	0	0	0	0	0	0.36633	0	0	0	0	0	0	0	0	0	0	0	0	0	0	0	0	0	0	0	0	0	0	0	0	0	0	0	0	0	0	0	0	0
49546	0	0	0	0	0	0	0	0	0	0	0	0	0	0	0	0	0	0	0	0	0	0	0	0	0	0	0	0	0	0	0	0	0	0	0	0	0	0	0	0	0	0	0	35.00602	3.76149	1.2578	0.66203	1.46213	0	0	0	0	0	0	0	0	0	0	0	0	0	0	0	0	0	0	6.34474	0
60133	0	0	0	0	0	0	0	0	0	0	0	0	0	0	0	0	0	0	0	0	0	0	0	0	0	0	0	0	0	0	0	0	0	0	0	0	0	0	0	0	0	0	0	0	0	0	0	0	0	0	0	0	0	0	0	0	0	0	0	0	0	0	0	0	0	0	1.9092	0
61592	0	0	0	0	0	0	0	0	0	0	0	0	0	0	0	0	0	0	0	0	0	0	0	0	0	0	0	0	0	0	0	0	0	0	0	0	0	0	0	0	0	0	0	0	0	0	0	0.05112	0	0	0	0	0	0	0	0	0	0	0	0	0	0	0	0	0	0	0	0
68892	0	0	0	0	0	0	0	0	0	0	0	0	63.14751	0	0	0	0	0	0	0	0	0	0	0	0	0	0	0	0	0	0	0	0	0	62.81874	0	0	0	0	0	0	0	0	1.6003	0.0419	0	0	0	0	0	0	0	0	0	0	0	0	0	0	0	0	0	0	0	0	0	30.8619	0
69823	0	0	0	0	0	0	0	0	0	0	0	0	0	0	0	0	0	0	0	0	0	0	0	0	0	0	0	0	0	0	0	0	0	0	0	0	0	0	0	0	0	0	0	0	0.74745	0	3.66046	0	0	0	0	0	0	0	0	0	0	0	0	0	0	0	0	0	0	0	0	0
72274	0	0	0	0	0	0	0	0	0	0	0	0	0	0	0	0	0	0	0	0	0	0	0	0	0	0	0	0	0	0	0	0	0	0	0	0	0	0	0	0	0	0	0	0	0	0	0	0	0	0	0	0	0	0	0	0	0	0	2.49512	0	0	0	0	0	0	0	0	0
72294	0	0	0	0	0	0	0	0	0	0	0	0	0	0	0	0	0	0	0	0	0	0	0	0	0	0	0	0	0	0	0	0	0	0	0	0	0	0	0	0	0	0	0	0.01179	0.89869	0	0	0	0	0	0	0	0	0	0	0	0	0	0	0	0	0	0	0	0	0	0.20365	0
76122	0	0	0	0	0	0	0	0	0	0	0	0	0	0	0	0	0	0	0	0	0	0	0	0	0	0	0	0	0	0	0	0	0	0	0	0	0	0	0	0	0	0	0	0	0	0	0.19214	0	0	0	0	0	0	0	0	0	0	0	0	0	0	0	0	0	0	0	1.69115	0
76833	0	0	0	0	0	0	0	0	0	0	0	0	0	0	0	0	0	0	0	0	0	0	0	0	0	0	0	0	0	0	0	0	0	0	0	0	0	0	0	0	0	0	0	0.21565	4.20907	0.00568	0.07027	0	0	0	0	0	0	0	0	0	0	0	0	0	0	0	0	0	0	0	0	0
80840	0	0	0	0	0	0	0	0	0	0	0	0	0	0	0	0	0	0	0	0	0	0	0	0	0	0	0	0	0	0	0	0	0	0	0	0	0	73.52086	0	0	0	0	0	0.88504	0.19478	2.08518	1.97608	1.06633	0	0	0	0	0	0	0	0	0	0	0	54.44448	0	0	0	0	0	0	0	0
80864	0	0	0	0	0	0	0	0	0	0	0	0	0	0	0	0	0	0	0	0	0	0	0	0	0	0	0	0	0	0	0	0	0	0	0	0	0	0	0	0	0	0	0	0	0	0	0	0	0	0	0	0	0	0	0	0	0	0	0	54.44448	0	0	0	0	0	0	0	0
81852	0	0	0	0	0	0	0	0	0	76.42035	0	0	0	0	0	0	0	0	0	0	0	0	0	0	0	0	0	0	83.72975	0	0	0	0	0	0	0	0	0	0	0	0	0	0	0	0	0	0	0.57601	0	0	0	0	0	0	0	0	0	0	0	0	0	0	0	0	0	0	0	0
84135	0	0	0	0	0	0	0	0	0	0	0	0	0	0	0	0	0	0	0	0	0	0	0	0	0	0	0	0	0	0	0	0	0	0	0	0	0	0	0	0	0	0	0	2.76946	1.1926	2.97566	0	1.50297	0	0	0	0	0	0	0	0	0	2.82256	0	0	0	0	0	0	0	0	1.30366	0
84136	0	0	0	0	0	0	0	0	0	0	0	0	0	0	0	0	0	0	0	0	0	0	0	0	0	0	0	0	0	0	0	0	0	0	0	0	0	0	0	0	0	0	0	0	0.03132	0	0	0	0	0	0	0	0	0	0	0	0	0	0	0	0	0	0	0	0	0	0	0
84998	0	0	0	0	0	0	0	0	0	0	0	0	0	0	0	0	0	0	0	0	0	0	0	0	0	0	0	0	0	0	0	0	0	0	0	0	0	0	0	0	0	0	0	0	1.35564	0	1.12464	0	0	0	0	0	0	0	0	0	0	0	0	0	0	0	0	0	0	0	1.05525	0
84999	0	0	0	0	0	0	0	0	0	0	0	0	0	0	0	0	0	0	0	0	0	0	0	0	0	0	0	0	0	0	0	0	0	0	0	0	0	0	0	0	0	0	0	0	1.35564	0	1.12464	0	0	0	0	0	0	0	0	0	0	0	0	0	0	0	0	0	0	0	1.05525	0
85004	0	0	0	0	0	0	0	0	0	0	0	0	0	0	0	0	0	0	0	0	0	0	0	0	0	0	0	0	0	0	0	0	0	0	0	0	0	0	0	0	0	0	0	0	0.04252	0	0	0	0	0	0	0	0	0	0	0	0	0	0	0	0	0	0	0	0	0	0	0
85006	0	0	0	0	0	0	0	0	0	0	0	0	3.49811	0	0	0	0	0	0	0	0	0	0	0	0	0	0	0	0	0	0	0	0	0	2.58379	0	0	0	0	0	0	0	0	1.76092	0.21124	1.91372	0	5.24253	0	0	0	0	0	0	0	0	0	0	44.01343	0	0	0	0	0	0	0	0	0
85007	0	0	0	0	9.88419	14.6778	0	0	0	0	52.09481	0	0	0	0	0	0	0	0	0	0	0	0	0	18.43357	9.3848	0	0	0	0	5.32643	0	0	0	0	0	0	0	0	0	0	0	0	0.13087	5.98122	1.04638	2.5544	1.66948	0	0	0	0	0	0	0	0	0	0	0	0	0	0	0	0	0	0	0	0
85009	0	0	0	0	0	0	0	0	0	0	0	0	0	0	0	0	0	0	0	0	0	0	0	0	0	0	0	0	0	0	0	0	0	0	0	0	0	0	0	0	0	0	0	0	0.18548	0	0	0	0	0	0	0	0	0	0	0	0	0	0	0	0	0	0	0	0	0	0	0
85698	0	0	0	0	0	0	0	0	0	0	0	0	0	0	0	0	0	0	0	0	0	0	0	0	0	0	0	0	0	0	0	0	0	0	0	0	0	73.52086	0	0	0	0	0	0	0	0	0	0	0	0	0	0	0	0	0	0	0	0	0	0	0	0	0	0	0	0	0	0
90964	0	0	0	0	37.33271	5.13336	0	0	0	0	0	0	14.4329	0	0	0	0	0	100	0	0	100	1.79642	0	7.06372	40.77672	0	0	0	0	0	0	0	0	16.58991	0	0	0	0	0	100	100	0	0	0	0	0	0	0	0	0	0	0	0	0	0	100	92.90389	4.86489	0	0	0	0	0	0	0	0	0
91061	0	0	0	0	37.33271	5.13336	100	89.85645	0	76.42035	0	0	96.50189	0	0	0	0	0	100	0	0	100	84.72413	89.18814	7.06372	41.1924	0	100	83.72975	0	8.75519	0	0	0	97.41621	0	0	26.47914	100	0	100	100	0	30.85029	27.95967	49.40155	10.47298	73.79706	0	0	0	0	0	0	0	0	100	100	46.57939	0	0	0	0	0	0	0	66.05267	68.66127
91347	100	0	0	0	35.7679	68.08007	0	0	0	23.57965	0	0	0	100	0	0	0	0	0	0	0	0	0	0	64.49999	34.44997	0	0	16.27025	0	0	100	0	100	0	49.79383	0	0	0	0	0	0	100	0	0	0	0	0	0	0	0	0	0	0	0	0	0	0	0	45.55552	0	0	0	0	0	0	0	0
99906	0	0	0	0	0	0	0	0	0	0	0	0	0	0	0	0	0	0	0	0	0	0	0	0	0	0	0	0	0	0	0	0	0	0	0	0	0	0	0	0	0	0	0	0	0	0	0	0.06084	0	0	0	0	0	0	0	0	0	0	0	0	0	0	0	0	0	0	0	0
102148	0	0	0	0	0	0	0	0	0	0	0	0	0	0	0	0	0	0	0	0	0	0	0	0	0	0	0	0	0	0	0	0	0	0	0	0	0	0	0	0	0	0	0	0	0	0	0	0	0	0	0	0	0	0	0	0	0	0	0	0	0	0	0	0	0	0	0.15871	0
113107	0	0	0	0	0	0	0	0	0	0	0	0	0	0	0	0	0	0	0	0	0	0	0	0	0	0	0	0	0	0	0	0	0	0	0	0	0	0	0	0	0	0	0	0	0	0	0	0	0	0	0	0	0	0	0	0	0	0	0	0	0	0	0	0	0	0	0.03432	0
117563	0	0	0	0	0	0	0	0	0	0	0	0	0.0193	0	0	0	0	0	0	0	0	0	0	0	0	0	0	0	0	0	0	0	0	0	0.03973	0	0	0	0	0	0	0	0	0.05661	0.21572	0.14995	0	2.05736	0	0	0	0	0	0	0	0	0	0	0	0	0	0	0	0	0	0	0.6285	0
117743	0	0	0	0	0	0	0	0	0	0	0	0	0	0	0	0	0	0	0	0	0	0	0	0	0	0	0	0	0	0	0	0	0	0	0	0	0	0	0	0	0	0	0	35.00602	3.76149	1.2578	0.66203	1.46213	0	0	0	0	0	0	0	0	0	0	0	0	0	0	0	0	0	0	6.34474	0
119060	0	0	0	0	0	0	0	0	0	0	0	0	0	0	0	0	0	0	0	0	0	0	0	0	0	0	0	0	0	0	0	0	0	0	0	0	0	0	0	0	0	0	0	0.88504	0.19478	2.08518	1.97608	1.06633	0	0	0	0	0	0	0	0	0	0	0	0	0	0	0	0	0	0	0	0
123375	0	0	0	0	0	0	0	0	0	0	0	0	0	0	0	0	0	0	0	0	0	0	0	0	0	0	0	0	0	0	0	0	0	0	0	0	0	0	0	0	0	0	0	0	0	0	0	0	0	0	0	0	0	0	0	0	0	0	0	0	0	0	0	0	0	0	0.15871	0
128827	0	0	0	0	0	0	0	0	0	0	0	0	0	0	0	0	0	0	0	0	0	0	0	0	0	0	0	0	0	0	0	0	0	0	0	0	0	0	0	0	0	0	0	0	0	0	0	0	0	0	0	0	0	0	0	0	0	0	0	0	0	0	0	0	0	0	0.15871	0
135080	0	0	0	0	0	0	0	0	0	0	0	0	0	0	0	0	0	0	0	0	0	0	0	0	0	0	0	0	0	0	0	0	0	0	0	0	0	0	0	0	0	0	0	0	0.01015	0	0	0	0	0	0	0	0	0	0	0	0	0	0	0	0	0	0	0	0	0	0	0
135083	0	0	0	0	0	0	0	0	0	0	0	0	0	0	0	0	0	0	0	0	0	0	0	0	0	0	0	0	0	0	0	0	0	0	0	0	0	0	0	0	0	0	0	0	1.5089	0	0	0	0	0	0	0	0	0	0	0	0	0	0	0	0	0	0	0	0	0	0	0
135615	0	0	0	0	0	0	0	0	0	0	0	0	0	0	0	0	0	0	0	0	0	0	0	0	0	0	0	0	0	0	0	0	0	0	0	0	0	0	0	0	0	0	0	0.14038	0	0	0	0	0	0	0	0	0	0	0	0	0	0	0	0	0	0	0	0	0	0	0	0
135619	0	0	0	0	0	0	0	0	0	0	0	0	0	0	0	0	0	0	0	0	0	0	0	0	0	0	0	0	0	0	0	0	0	0	0	0	0	0	0	0	0	0	0	0	0	0	0	0.15467	0	0	0	0	0	0	0	0	0	0	0	0	0	0	0	0	0	0	0	0
135620	0	0	0	0	0	0	0	0	0	0	0	0	0	0	0	0	0	0	0	0	0	0	0	0	0	0	0	0	0	0	0	0	0	0	0	0	0	0	0	0	0	0	0	0	0	0	0	0.15467	0	0	0	0	0	0	0	0	0	0	0	0	0	0	0	0	0	0	0	0
135621	0	0	0	0	0	0	0	0	0	0	0	0	0	0	0	0	0	0	0	0	0	0	0	0	0	0	0	0	0	0	0	0	0	0	0	0	0	0	0	0	0	0	0	0	0	0	0	0	0	0	0	0	0	0	0	0	0	0	2.49512	0	0	0	0	0	0	0	0	0
135625	0	0	0	0	17.01521	12.10877	0	10.14355	0	0	0	0	0	0	0	0	0	0	0	0	0	0	15.27587	10.81186	10.00272	14.97283	0	0	0	0	0	0	0	0	0	0	0	0	0	0	0	0	0	3.06986	0	3.3802	0	1.88597	0	0	0	0	0	0	0	0	0	0	0	0	0	0	0	0	0	0	0	0
136841	0	0	0	0	0	0	0	0	0	0	0	0	0	0	0	0	0	0	0	0	0	0	0	0	0	0	0	0	0	0	0	0	0	0	0	0	0	0	0	0	0	0	0	0	0	0	0	0	0	0	0	0	0	0	0	0	0	0	2.49512	0	0	0	0	0	0	0	0	0
137732	0	0	0	0	0	0	0	0	0	0	0	0	0.0193	0	0	0	0	0	0	0	0	0	0	0	0	0	0	0	0	0	0	0	0	0	0.03973	0	0	0	0	0	0	0	0	0.05661	0.21572	0.14995	0	2.05736	0	0	0	0	0	0	0	0	0	0	0	0	0	0	0	0	0	0	0.6285	0
143393	0	0	0	0	0	0	0	0	0	0	0	0	0	0	0	0	0	0	0	0	0	0	0	0	0	0	0	0	0	0	0	0	0	0	0	0	0	0	0	0	0	0	0	0	0	0	0	0	0	0	0	0	0	0	0	0	0	0	0	0	0	0	0	0	0	0	0.15706	0
157687	0	0	0	0	0	0	0	0	0	0	0	0	0	0	0	0	0	0	0	0	0	0	0	0	0	0	0	0	0	0	0	0	0	0	0	0	0	0	0	0	0	0	0	0	5.98174	0	2.45743	0	0	0	0	0	0	0	0	0	0	0	0	0	0	0	0	0	0	0	0	0
157688	0	0	0	0	0	0	0	0	0	0	0	0	0	0	0	0	0	0	0	0	0	0	0	0	0	0	0	0	0	0	0	0	0	0	0	0	0	0	0	0	0	0	0	0	0.19595	0	1.33567	0	0	0	0	0	0	0	0	0	0	0	0	0	0	0	0	0	0	0	0	0
171549	0	0	0	0	0	0	0	0	0	0	0	0	0	0	0	0	0	0	0	0	0	0	0	0	0	0	0	0	0	0	0	0	0	0	0	0	0	0	0	0	0	0	0	3.63343	14.85282	0.2323	34.84352	0.20213	0	0	0	0	0	0	0	0	0	0	6.05957	0	0	0	0	0	0	0	12.39582	0
171551	0	0	0	0	0	0	0	0	0	0	0	0	0	0	0	0	0	0	0	0	0	0	0	0	0	0	0	0	0	0	0	0	0	0	0	0	0	0	0	0	0	0	0	1.21386	0.18538	0.22828	0	0.20213	0	0	0	0	0	0	0	0	0	0	0	0	0	0	0	0	0	0	0	0
171552	0	0	0	0	0	0	0	0	0	0	0	0	0	0	0	0	0	0	0	0	0	0	0	0	0	0	0	0	0	0	0	0	0	0	0	0	0	0	0	0	0	0	0	2.41957	10.17538	0.00402	25.76174	0	0	0	0	0	0	0	0	0	0	0	6.05957	0	0	0	0	0	0	0	12.03774	0
172042	0	0	0	0	0	0	0	0	0	0	0	0	0	0	0	0	0	0	0	0	0	0	0	0	0	0	0	0	0	0	0	0	0	0	0	0	0	0	0	0	0	0	0	0	0	1.47527	0	1.71572	0	0	0	0	0	0	0	0	0	0	0	0	0	0	0	0	0	0	0	0
186801	0	0	0	0	0	0	0	0	0	0	0	0	0	0	0	0	0	0	0	0	0	0	0	0	0	0	0	0	0	0	0	0	0	0	0	0	0	0	0	0	0	0	0	0.09837	10.31507	0	25.2321	0	0	0	0	0	0	0	0	0	0	0	0	0	0	0	0	0	0	0	2.06141	0
186802	0	0	0	0	0	0	0	0	0	0	0	0	0	0	0	0	0	0	0	0	0	0	0	0	0	0	0	0	0	0	0	0	0	0	0	0	0	0	0	0	0	0	0	0.09837	10.31507	0	25.2321	0	0	0	0	0	0	0	0	0	0	0	0	0	0	0	0	0	0	0	2.06141	0
186803	0	0	0	0	0	0	0	0	0	0	0	0	0	0	0	0	0	0	0	0	0	0	0	0	0	0	0	0	0	0	0	0	0	0	0	0	0	0	0	0	0	0	0	0	0.22096	0	0	0	0	0	0	0	0	0	0	0	0	0	0	0	0	0	0	0	0	0	1.29101	0
186804	0	0	0	0	0	0	0	0	0	0	0	0	0	0	0	0	0	0	0	0	0	0	0	0	0	0	0	0	0	0	0	0	0	0	0	0	0	0	0	0	0	0	0	0.09837	0	0	0.05468	0	0	0	0	0	0	0	0	0	0	0	0	0	0	0	0	0	0	0	0	0
186826	0	0	0	0	0	0	100	89.85645	0	76.42035	0	0	82.06899	0	0	0	0	0	0	0	0	0	82.92771	89.18814	0	0.41568	0	100	83.72975	0	8.75519	0	0	0	80.8263	0	0	26.47914	100	0	0	0	0	23.62975	17.08227	41.62431	6.92905	36.01562	0	0	0	0	0	0	0	0	0	0	32.67432	0	0	0	0	0	0	0	64.15584	68.66127
186827	0	0	0	0	0	0	0	0	0	0	0	0	0	0	0	0	0	0	0	0	0	0	0	0	0	0	0	0	0	0	0	0	0	0	0	0	0	0	0	0	0	0	0	0.64622	0.3946	0	0	1.91193	0	0	0	0	0	0	0	0	0	0	0	0	0	0	0	0	0	0	0	68.66127
186828	0	0	0	0	0	0	0	0	0	0	0	0	0.0193	0	0	0	0	0	0	0	0	0	0	0	0	0	0	0	0	0	0	0	0	0	0.03973	0	0	0	0	0	0	0	0	0.05661	0.21572	0.14995	0	2.11821	0	0	0	0	0	0	0	0	0	0	0	0	0	0	0	0	0	0	0.6285	0
187326	0	0	0	0	0	0	0	0	0	0	0	0	0	0	0	0	0	0	0	0	0	0	0	0	0	0	0	0	0	0	0	0	0	0	0	0	0	0	0	0	0	0	0	0	0	0	0	0	0	0	0	0	0	0	0	0	0	0	0	0	0	0	0	0	0	0	1.56424	0
195950	0	0	0	0	0	0	0	0	0	0	0	0	0	0	0	0	0	0	0	0	0	0	0	0	0	0	0	0	0	0	0	0	0	0	0	0	0	0	0	0	0	0	0	0	4.49207	0	9.08178	0	0	0	0	0	0	0	0	0	0	0	0	0	0	0	0	0	0	0	0.35808	0
196081	0	0	0	0	0	0	0	0	0	0	0	0	0	0	0	0	0	0	0	0	0	0	0	0	0	0	0	0	0	0	0	0	0	0	0	0	0	0	0	0	0	0	0	0	0.04252	0	0	0	0	0	0	0	0	0	0	0	0	0	0	0	0	0	0	0	0	0	0	0
200643	0	0	0	0	0	0	0	0	0	0	0	0	0	0	0	0	0	0	0	0	0	0	0	0	0	0	0	0	0	0	0	0	0	0	0	0	0	0	0	0	0	0	0	3.63343	14.85282	0.2323	34.84352	0.20213	0	0	0	0	0	0	0	0	0	0	6.05957	0	0	0	0	0	0	0	12.39582	0
200644	0	0	0	0	0	0	0	0	0	0	0	0	0	0	0	0	0	0	0	0	0	0	0	0	0	0	0	0	0	0	0	0	0	0	0	0	0	0	0	0	0	0	0	35.00602	3.76149	1.2578	0.66203	1.46213	0	0	0	0	0	0	0	0	0	0	0	0	0	0	0	0	0	0	6.34474	0
201174	0	0	0	0	9.88419	14.6778	0	0	0	0	52.09481	0	3.49811	0	0	0	0	0	0	0	0	0	0	0	18.43357	9.3848	0	0	0	0	5.32643	0	0	0	2.58379	0	0	0	0	0	0	0	0	2.91616	20.39417	7.48305	6.18633	7.14825	0	0	0	0	0	0	0	0	0	0	44.86591	0	0	0	0	0	0	0	4.4059	0
203490	0	0	0	0	0	0	0	0	0	0	0	0	0	0	0	0	0	0	0	0	0	0	0	0	0	0	0	0	0	0	0	0	0	0	0	0	0	0	0	0	0	0	0	3.30041	9.39019	0.01509	16.64935	1.1543	0	0	0	0	0	0	0	0	0	0	0	0	0	0	0	0	0	0	0	0
203491	0	0	0	0	0	0	0	0	0	0	0	0	0	0	0	0	0	0	0	0	0	0	0	0	0	0	0	0	0	0	0	0	0	0	0	0	0	0	0	0	0	0	0	3.30041	9.39019	0.01509	16.64935	1.1543	0	0	0	0	0	0	0	0	0	0	0	0	0	0	0	0	0	0	0	0
203492	0	0	0	0	0	0	0	0	0	0	0	0	0	0	0	0	0	0	0	0	0	0	0	0	0	0	0	0	0	0	0	0	0	0	0	0	0	0	0	0	0	0	0	3.28659	2.8501	0.01509	9.29848	1.1543	0	0	0	0	0	0	0	0	0	0	0	0	0	0	0	0	0	0	0	0
206351	0	0	0	0	0	0	0	0	0	0	47.90519	0	0	0	0	0	0	0	0	0	0	0	0	0	0	0	0	0	0	0	85.91838	0	0	0	0	0	0	0	0	0	0	0	0	11.4989	5.1543	33.02519	0	10.88098	0	0	0	0	0	0	0	0	0	0	0	0	0	0	0	0	0	0	0	0
212742	0	0	0	0	0	0	0	0	0	0	0	0	0	0	0	0	0	0	0	0	0	0	0	0	0	0	0	0	0	0	0	0	0	0	0	0	0	0	0	0	0	0	0	0	1.12601	5.53364	0	0	0	0	0	0	0	0	0	0	0	0	0	0	0	0	0	0	0	0	0	0
213849	0	0	0	0	0	0	0	0	0	0	0	0	0	0	0	0	0	0	0	0	0	0	0	0	0	0	0	0	0	0	0	0	0	0	0	0	0	0	0	0	0	0	0	0.01179	0.89869	0	0	0	0	0	0	0	0	0	0	0	0	0	0	0	0	0	0	0	0	0	0.20365	0
228604	0	0	0	0	0	0	0	0	0	0	0	0	0	0	0	0	0	0	0	0	0	0	0	0	0	0	0	0	0	0	0	0	0	0	0	0	0	0	0	0	0	0	0	0	1.09541	0	0	0	0	0	0	0	0	0	0	0	0	0	0	0	0	0	0	0	0	0	5.96101	0
230143	0	0	0	0	0	0	0	0	0	0	0	0	0	0	0	0	0	0	0	0	0	0	0	0	0	0	0	0	0	0	0	0	0	0	0	0	0	0	0	0	0	0	0	0	0.04252	0	0	0	0	0	0	0	0	0	0	0	0	0	0	0	0	0	0	0	0	0	0	0
265975	0	0	0	0	0	0	0	0	0	0	0	0	0	0	0	0	0	0	0	0	0	0	0	0	0	0	0	0	0	0	0	0	0	0	0	0	0	0	0	0	0	0	0	0	0.20163	0	16.22943	0	0	0	0	0	0	0	0	0	0	0	0	0	0	0	0	0	0	0	0	0
267849	0	0	0	0	0	0	0	0	0	0	0	0	0	0	0	0	0	0	0	0	0	0	0	0	0	0	0	0	0	0	0	0	0	0	0	0	0	0	0	0	0	0	0	0	0	0	0	0.15467	0	0	0	0	0	0	0	0	0	0	0	0	0	0	0	0	0	0	0	0
267850	0	0	0	0	0	0	0	0	0	0	0	0	0	0	0	0	0	0	0	0	0	0	0	0	0	0	0	0	0	0	0	0	0	0	0	0	0	0	0	0	0	0	0	0	0	0	0	0.15467	0	0	0	0	0	0	0	0	0	0	0	0	0	0	0	0	0	0	0	0
322095	0	0	0	0	0	0	0	0	0	0	0	0	0	0	0	0	0	0	0	0	0	0	0	0	0	0	0	0	0	0	0	0	0	0	0	0	0	0	0	0	0	0	0	0.444	0.18538	0.22828	0	0.20213	0	0	0	0	0	0	0	0	0	0	0	0	0	0	0	0	0	0	0	0
327575	0	0	0	0	0	0	0	0	0	0	0	0	0	0	0	0	0	0	0	0	0	0	0	0	0	0	0	0	0	0	0	0	0	0	0	0	0	0	0	0	0	0	0	21.30268	1.47727	0.38724	0	0	0	0	0	0	0	0	0	0	0	0	0	0	0	0	0	0	0	0	0.0334	0
341694	0	0	0	0	0	0	0	0	0	0	0	0	0	0	0	0	0	0	0	0	0	0	0	0	0	0	0	0	0	0	0	0	0	0	0	0	0	0	0	0	0	0	0	0.09837	0	0	0.05468	0	0	0	0	0	0	0	0	0	0	0	0	0	0	0	0	0	0	0	0	0
416916	0	0	0	0	0	0	0	0	0	0	0	0	0	0	0	0	0	0	0	0	0	0	0	0	0	0	0	0	0	0	0	0	0	0	0	0	0	0	0	0	0	0	0	0.20344	0	0	0	0	0	0	0	0	0	0	0	0	0	0	0	0	0	0	0	0	0	0	0	0
426701	0	0	0	0	0	0	0	0	0	0	0	0	0	0	0	0	0	0	0	0	0	0	0	0	0	0	0	0	0	0	0	0	0	0	0	0	0	0	0	0	0	0	0	0	0	0	0	0.06084	0	0	0	0	0	0	0	0	0	0	0	0	0	0	0	0	0	0	0	0
461393	0	0	0	0	0	0	0	0	0	0	0	0	0	0	0	0	0	0	0	0	0	0	0	0	0	0	0	0	0	0	0	0	0	0	0	0	0	0	0	0	0	0	0	0	0.48971	0	0.25194	0.12162	0	0	0	0	0	0	0	0	0	0	0	0	0	0	0	0	0	0	0	0
467210	0	0	0	0	0	0	0	0	0	0	0	0	0	0	0	0	0	0	0	0	0	0	0	0	0	0	0	0	0	0	0	0	0	0	0	0	0	0	0	0	0	0	0	0	7.61964	0	6.83139	0	0	0	0	0	0	0	0	0	0	0	0	0	0	0	0	0	0	0	0.61334	0
470565	0	0	0	0	0	0	0	0	0	0	0	0	0	0	0	0	0	0	0	0	0	0	0	0	0	0	0	0	0	0	0	0	0	0	0	0	0	0	0	0	0	0	0	0	0.31326	0	0	0	0	0	0	0	0	0	0	0	0	0	1.9145	0	0	0	0	0	0	0	1.02253	0
526524	0	0	0	0	0	0	0	0	0	0	0	0	0	0	0	0	0	0	0	0	0	0	0	0	0	0	0	0	0	0	0	0	0	0	0	0	0	0	0	0	0	0	0	0	0	0	0	0	0	0	0	0	0	0	0	0	0	0	0	0	0	0	0	0	0	0	0.15871	0
526525	0	0	0	0	0	0	0	0	0	0	0	0	0	0	0	0	0	0	0	0	0	0	0	0	0	0	0	0	0	0	0	0	0	0	0	0	0	0	0	0	0	0	0	0	0	0	0	0	0	0	0	0	0	0	0	0	0	0	0	0	0	0	0	0	0	0	0.15871	0
543311	0	0	0	0	0	0	0	0	0	0	0	0	0	0	0	0	0	0	0	0	0	0	0	0	0	0	0	0	0	0	0	0	0	0	0	0	0	0	0	0	0	0	0	0.00705	0.62736	0	0.31715	0	0	0	0	0	0	0	0	0	0	0	0	0	0	0	0	0	0	0	0.0126	0
543314	0	0	0	0	0	0	0	0	0	0	0	0	0	0	0	0	0	0	0	0	0	0	0	0	0	0	0	0	0	0	0	0	0	0	0	0	0	0	0	0	0	0	0	0	0	0	1.24227	0	0	0	0	0	0	0	0	0	0	0	0	0	0	0	0	0	0	0	0.15706	0
544448	0	0	0	0	0	0	0	0	0	0	0	0	0	0	0	0	0	0	0	0	0	0	0	0	0	0	0	0	0	0	0	0	0	0	0	0	0	0	0	0	0	0	0	0	0	0	0	0	0	0	0	0	0	0	0	0	0	0	0	0	0	0	0	0	100	100	2.51336	31.33873
544580	0	0	0	0	0	0	0	0	0	0	0	0	0	0	0	0	0	0	0	0	0	0	0	0	0	0	0	0	0	0	0	0	0	0	0	0	0	0	0	0	0	0	0	0.75093	1.3733	2.01096	1.27449	0	0	0	0	0	0	0	0	0	0	0	0	0	0	0	0	0	0	0	0	0
544581	0	0	0	0	0	0	0	0	0	0	0	0	0	0	0	0	0	0	0	0	0	0	0	0	0	0	0	0	0	0	0	0	0	0	0	0	0	0	0	0	0	0	0	0	0.42384	0	0	0	0	0	0	0	0	0	0	0	0	0	0	0	0	0	0	0	0	0	0	0
556499	0	0	0	0	0	0	0	0	0	0	0	0	0	0	0	0	0	0	0	0	0	0	0	0	0	0	0	0	0	0	0	0	0	0	0	0	0	0	0	0	0	0	0	0	0.18548	0	0	0	0	0	0	0	0	0	0	0	0	0	0	0	0	0	0	0	0	0	0	0
651609	0	0	0	0	0	0	0	0	0	0	0	0	0	0	0	0	0	0	0	0	0	0	0	0	0	0	0	0	0	0	0	0	0	0	0	0	0	0	0	0	0	0	0	0	0	0	0.13889	0	0	0	0	0	0	0	0	0	0	0	0	0	0	0	0	0	0	0	0	0
652706	0	0	0	0	0	0	0	0	0	0	0	0	0	0	0	0	0	0	0	0	0	0	0	0	0	0	0	0	0	0	0	0	0	0	0	0	0	0	0	0	0	0	0	0	0.20163	0	16.22943	0	0	0	0	0	0	0	0	0	0	0	0	0	0	0	0	0	0	0	0	0
671213	0	0	0	0	0	0	0	0	0	0	0	0	0	0	0	0	0	0	0	0	0	0	0	0	0	0	0	0	0	0	0	0	0	0	0	0	0	0	0	0	0	0	0	0	0.04946	0	0	0	0	0	0	0	0	0	0	0	0	0	0	0	0	0	0	0	0	0	0	0
671218	0	0	0	0	0	0	0	0	0	0	0	0	0	0	0	0	0	0	0	0	0	0	0	0	0	0	0	0	0	0	0	0	0	0	0	0	0	0	0	0	0	0	0	0	0	0	0	0	0	0	0	0	0	0	0	0	0	0	0	0	0	0	0	0	0	0	0.01821	0
671230	0	0	0	0	0	0	0	0	0	0	0	0	0	0	0	0	0	0	0	0	0	0	0	0	0	0	0	0	0	0	0	0	0	0	0	0	0	0	0	0	0	0	0	0.00705	0	0	0.31715	0	0	0	0	0	0	0	0	0	0	0	0	0	0	0	0	0	0	0	0	0
671232	0	0	0	0	0	0	0	0	0	0	0	0	0	0	0	0	0	0	0	0	0	0	0	0	0	0.41568	0	0	0	0	0	0	0	0	0	0	0	0	0	0	0	0	0	0.02911	0.98461	0	0	0	0	0	0	0	0	0	0	0	0	0	0	0	0	0	0	0	0	0	0.0319	0
712121	0	0	0	0	0	0	0	0	0	0	0	0	0	0	0	0	0	0	0	0	0	0	0	0	0	0	0	0	0	0	0	0	0	0	0	0	0	0	0	0	0	0	0	0	0	0	0	0	0	0	0	0	0	0	0	0	0	0	0	0	0	0	0	0	0	0	1.3977	0
712122	0	0	0	0	0	0	0	0	0	0	0	0	0	0	0	0	0	0	0	0	0	0	0	0	0	0	0	0	0	0	0	0	0	0	0	0	0	0	0	0	0	0	0	0	0.82862	0	0.67779	0	0	0	0	0	0	0	0	0	0	0	0	0	0	0	0	0	0	0	0	0
712124	0	0	0	0	0	0	0	0	0	0	0	0	0	0	0	0	0	0	0	0	0	0	0	0	0	0	0	0	0	0	0	0	0	0	0	0	0	0	0	0	0	0	0	0	2.83223	1.10405	0	0	0	0	0	0	0	0	0	0	0	0	0	0	0	0	0	0	0	0	0	0
712148	0	0	0	0	0	0	0	0	0	0	0	0	0	0	0	0	0	0	0	0	0	0	0	0	0	0	0	0	0	0	0	0	0	0	0	0	0	0	0	0	0	0	0	0.20344	0	0	0	0	0	0	0	0	0	0	0	0	0	0	0	0	0	0	0	0	0	0	0	0
712357	0	0	0	0	0	0	0	0	0	0	0	0	0	0	0	0	0	0	0	0	0	0	0	0	0	0	0	0	0	0	0	0	0	0	0	0	0	0	0	0	0	0	0	0	0.14312	0	0	0	0	0	0	0	0	0	0	0	0	0	0	0	0	0	0	0	0	0	0	0
712359	0	0	0	0	0	0	0	0	0	0	0	0	0	0	0	0	0	0	0	0	0	0	0	0	0	0	0	0	0	0	0	0	0	0	0	0	0	0	0	0	0	0	0	0.01382	0	0	0	0	0	0	0	0	0	0	0	0	0	0	0	0	0	0	0	0	0	0	0	0
712437	0	0	0	0	0	0	0	0	0	0	0	0	0	0	0	0	0	0	0	0	0	0	0	0	0	0	0	0	0	0	0	0	0	0	0	0	0	0	0	0	0	0	0	0.76986	0	0	0	0	0	0	0	0	0	0	0	0	0	0	0	0	0	0	0	0	0	0	0	0
712461	0	0	0	0	0	0	0	0	0	0	0	0	0	0	0	0	0	0	0	0	0	0	0	0	0	0	0	0	0	0	0	0	0	0	0	0	0	0	0	0	0	0	0	0	0.32619	0	0	0	0	0	0	0	0	0	0	0	0	0	0	0	0	0	0	0	0	0	0.02854	0
712710	0	0	0	0	0	0	0	0	0	0	0	0	0	0	0	0	0	0	0	0	0	0	0	0	0	0	0	0	0	0	0	0	0	0	0	0	0	0	0	0	0	0	0	0	4.49207	0	9.08178	0	0	0	0	0	0	0	0	0	0	0	0	0	0	0	0	0	0	0	0	0
712888	0	0	0	0	0	0	0	0	0	0	0	0	0	0	0	0	0	0	0	0	0	0	0	0	0	0	0	0	0	0	0	0	0	0	0	0	0	0	0	0	0	0	0	0.21565	4.20907	0.00568	0.07027	0	0	0	0	0	0	0	0	0	0	0	0	0	0	0	0	0	0	0	0	0
712982	0	0	0	0	0	0	0	0	0	0	0	0	0	0	0	0	0	0	0	0	0	0	0	0	0	0	0	0	0	0	0	0	0	0	0	0	0	0	0	0	0	0	0	0	0.22096	0	0	0	0	0	0	0	0	0	0	0	0	0	0	0	0	0	0	0	0	0	1.29101	0
766764	0	0	0	0	0	0	0	0	0	0	0	0	0	0	0	100	0	0	0	0	0	0	0	0	0	0	0	0	0	0	0	0	0	0	0	50.20617	0	0	0	0	0	0	0	0	0	0	0	0	0	0	0	0	0	0	0	0	0	0	0	0	0	0	0	0	0	0	0	0
796942	0	0	0	0	0	0	0	0	0	0	0	0	0	0	0	0	0	0	0	0	0	0	0	0	0	0	0	0	0	0	0	0	0	0	0	0	0	0	0	0	0	0	0	0	2.27283	0	0	0	0	0	0	0	0	0	0	0	0	0	0	0	0	0	0	0	0	0	0	0
909929	0	0	0	0	0	0	0	0	0	0	0	0	0	0	0	0	0	0	0	0	0	0	0	0	0	0	0	0	0	0	0	0	0	0	0	0	0	0	0	0	0	0	0	0	2.2665	0	3.66046	0	0	0	0	0	0	0	0	0	0	0	0	0	0	0	0	0	0	0	0	0
909932	0	0	0	0	0	0	0	0	0	0	0	0	0	0	0	0	0	0	0	0	0	0	0	0	0	0	0	0	0	0	0	0	0	0	0	0	0	0	0	0	0	0	0	8.58231	6.45145	3.11964	3.66046	2.24818	0	0	0	0	0	0	0	0	0	0	0	0	0	0	0	0	0	0	5.85114	0
985002	0	0	0	0	0	0	0	0	0	0	0	0	0	0	0	0	0	0	100	0	0	100	0	0	0	0	0	0	0	0	0	0	0	0	0	0	0	0	0	0	100	100	0	0	0	0	0	0	0	0	0	0	0	0	0	0	0	0	0	0	0	0	0	0	0	0	0	0
1056807	0	0	0	0	0	0	0	0	0	0	0	0	0	0	0	0	0	0	0	0	0	0	0	0	0	0	0	0	0	0	0	0	0	0	0	0	0	0	0	0	0	0	0	0	1.12601	5.53364	0	0	0	0	0	0	0	0	0	0	0	0	0	0	0	0	0	0	0	0	0	0
1110546	0	0	0	0	0	0	0	0	0	0	0	0	0	0	0	0	0	0	0	0	0	0	0	0	0	0	0	0	0	0	0	0	0	0	0	0	0	0	0	0	0	0	0	0	0	0	0	0	0	0	0	0	0	0	0	0	0	0	0	0	0	0	0	0	0	0	0.05235	0
1129771	0	0	0	0	0	0	0	0	0	0	0	0	0	0	0	0	0	0	0	0	0	0	0	0	0	0	0	0	0	0	0	0	0	0	0	0	0	0	0	0	0	0	0	0.01382	6.5401	0	7.35087	0	0	0	0	0	0	0	0	0	0	0	0	0	0	0	0	0	0	0	0	0
1164882	0	0	0	0	0	0	0	0	0	0	0	0	0	0	0	0	0	0	0	0	0	0	0	0	0	0	0	0	0	0	0	0	0	0	0	0	0	0	0	0	0	0	0	0	7.61964	0	6.83139	0	0	0	0	0	0	0	0	0	0	0	0	0	0	0	0	0	0	0	0.61334	0
1177574	0	0	0	0	0	0	0	0	0	0	0	0	0	0	0	0	0	0	0	0	0	0	0	0	0	0	0	0	0	0	0	0	0	0	0	0	0	0	0	0	0	0	0	0	0	0	0	0	0	0	0	0	0	0	0	0	0	0	4.14508	0	0	0	0	0	0	0	0	0
1213720	0	0	0	0	0	0	0	0	0	0	0	0	0	0	0	0	0	0	0	0	0	0	0	0	0	0	0	0	0	0	0	0	0	0	0	0	0	0	0	0	0	0	0	0	2.27283	0	0	0	0	0	0	0	0	0	0	0	0	0	0	0	0	0	0	0	0	0	0	0
1227267	0	0	0	0	0	0	0	0	0	0	0	0	0	0	0	0	0	0	0	0	0	0	0	0	0	0	0	0	0	0	0	0	0	0	0	0	0	0	0	0	0	0	0	0	0.02499	0	0	0	0	0	0	0	0	0	0	0	0	0	0	0	0	0	0	0	0	0	0	0
1283313	0	0	0	0	0	0	0	0	0	0	0	0	0	0	0	0	0	0	0	0	0	0	0	0	0	0	0	0	0	0	0	0	0	0	0	0	0	0	0	0	0	0	0	0	0	0	0.19214	0	0	0	0	0	0	0	0	0	0	0	0	0	0	0	0	0	0	0	1.70937	0
1284680	0	0	0	0	0	0	0	0	0	0	0	0	0	0	0	0	0	0	0	0	0	0	0	0	0	0	0	0	0	0	0	0	0	0	0	0	0	0	0	0	0	0	0	0	0	0	0	0	0	0	0	0	0	0	0	0	0	0	0	0	0	0	0	0	0	0	1.71245	0
1535326	0	0	0	0	0	0	0	0	0	0	0	0	0	0	0	100	0	0	0	0	0	0	0	0	0	0	0	0	0	0	0	0	0	0	0	50.20617	0	0	0	0	0	0	0	0	0	0	0	0	0	0	0	0	0	0	0	0	0	0	0	0	0	0	0	0	0	0	0	0
1570339	0	0	0	0	0	0	0	0	0	0	0	0	0	0	0	0	0	0	0	0	0	0	0	0	0	0	0	0	0	0	0	0	0	0	0	0	0	0	0	0	0	0	0	0.00705	0.62736	0	0.31715	0	0	0	0	0	0	0	0	0	0	0	0	0	0	0	0	0	0	0	0.0126	0
1581061	0	0	0	0	0	0	0	0	0	0	0	0	0	0	0	0	0	0	0	0	0	0	0	0	0	0	0	0	0	0	0	0	0	0	0	0	0	0	0	0	0	0	0	0.05502	0.04355	0	0	1.45318	0	0	0	0	0	0	0	0	0	0	0	0	0	0	0	0	0	0	0	8.11224
1643824	0	0	0	0	0	0	0	0	0	0	0	0	0	0	0	0	0	0	0	0	0	0	0	0	0	0	0	0	0	0	0	0	0	0	0	0	0	0	0	0	0	0	0	0	1.35564	0	1.12464	0	0	0	0	0	0	0	0	0	0	0	0	0	0	0	0	0	0	0	1.05525	0
1737404	0	0	0	0	0	0	0	0	0	0	0	0	0	0	0	0	0	0	0	0	0	0	0	0	0	0	0	0	0	0	0	0	0	0	0	0	0	0	0	0	0	0	0	0.00705	0.62736	0	0.31715	0	0	0	0	0	0	0	0	0	0	0	0	0	0	0	0	0	0	0	0.0126	0
1737405	0	0	0	0	0	0	0	0	0	0	0	0	0	0	0	0	0	0	0	0	0	0	0	0	0	0	0	0	0	0	0	0	0	0	0	0	0	0	0	0	0	0	0	0.00705	0.62736	0	0.31715	0	0	0	0	0	0	0	0	0	0	0	0	0	0	0	0	0	0	0	0.0126	0
1739406	0	0	0	0	0	0	0	0	0	0	0	0	0	0	0	0	0	0	0	0	0	0	0	0	0	0	0	0	0	0	0	0	0	0	0	0	0	0	0	0	0	0	0	0	0	0	0	0	0	0	0	0	0	0	0	0	0	0	0	0	0	0	0	0	0	0	0.24051	0
1759399	0	0	0	0	0	0	0	0	0	0	0	0	0	0	0	0	0	0	0	0	0	0	0	0	0	0	0	0	0	0	0	0	0	0	0	0	0	0	0	0	0	0	0	2.49508	0	0.06251	0	0	0	0	0	0	0	0	0	0	0	0	0	0	0	0	0	0	0	0	0	0
1843489	0	0	0	0	0	0	0	0	0	0	0	0	0	0	0	0	0	0	0	0	0	0	0	0	0	0	0	0	0	0	0	0	0	0	0	0	0	0	0	0	0	0	0	8.58231	4.18495	3.11964	0	2.24818	0	0	0	0	0	0	0	0	0	0	0	0	0	0	0	0	0	0	5.85114	0
1843491	0	0	0	0	0	0	0	0	0	0	0	0	0	0	0	0	0	0	0	0	0	0	0	0	0	0	0	0	0	0	0	0	0	0	0	0	0	0	0	0	0	0	0	0	2.2665	0	3.66046	0	0	0	0	0	0	0	0	0	0	0	0	0	0	0	0	0	0	0	0	0
1903414	0	0	0	0	35.23924	68.08007	0	0	0	0	0	0	0	0	0	0	0	0	0	0	0	0	0	0	64.49999	32.18002	0	0	0	0	0	0	0	0	0	0	0	0	0	0	0	0	0	0	0	0	0	0	0	0	0	0	0	0	0	0	0	0	0	0	0	0	0	0	0	0	0	0
1911679	0	0	0	0	0	0	0	0	0	0	0	0	0	0	0	0	0	0	0	0	0	0	0	0	0	0	0	0	0	0	0	0	0	0	0	0	0	0	0	0	0	0	0	0	0	0	0	0	0	0	0	0	0	0	0	0	0	0	0	0	0	0	0	0	0	0	0.33634	0
2005525	0	0	0	0	0	0	0	0	0	0	0	0	0	0	0	0	0	0	0	0	0	0	0	0	0	0	0	0	0	0	0	0	0	0	0	0	0	0	0	0	0	0	0	0	4.49207	0	9.08178	0	0	0	0	0	0	0	0	0	0	0	0	0	0	0	0	0	0	0	0.35808	0
2027459	0	0	0	0	0	0	0	0	0	0	0	0	0	0	0	0	0	0	0	0	0	0	0	0	0	0	0	0	0	0	0	0	0	0	0	0	0	0	0	0	0	0	0	0	0	0	0	0	0	0	0	0	0	0	0	0	0	0	0	0	0	0	0	0	0	0	0.04381	0
1385_2	0	0	0	0	37.33271	5.13336	0	0	0	0	0	0	14.4329	0	0	0	0	0	100	0	0	100	1.79642	0	7.06372	40.77672	0	0	0	0	0	0	0	0	16.58991	0	0	0	0	0	100	100	0	7.22054	10.8774	7.77724	3.54394	37.78144	0	0	0	0	0	0	0	0	100	100	13.90507	0	0	0	0	0	0	0	1.89683	0
186803_2	0	0	0	0	0	0	0	0	0	0	0	0	0	0	0	0	0	0	0	0	0	0	0	0	0	0	0	0	0	0	0	0	0	0	0	0	0	0	0	0	0	0	0	0	10.31507	0	23.93515	0	0	0	0	0	0	0	0	0	0	0	0	0	0	0	0	0	0	0	1.90435	0
543314_2	0	0	0	0	0	0	0	0	0	0	0	0	0	0	0	0	0	0	0	0	0	0	0	0	0	0	0	0	0	0	0	0	0	0	0	0	0	0	0	0	0	0	0	0	0	0	1.24227	0	0	0	0	0	0	0	0	0	0	0	0	0	0	0	0	0	0	0	0.15706	0
